filename	read_id	run_id	channel	start_time	duration	num_events	passes_filtering	template_start	num_events_template	template_duration	sequence_length_template	mean_qscore_template	strand_score_template	median_template	mad_template
minion2_PC_20180219_FAH55989_MN19166_sequencing_run_madagascar_tb_mdr_1_10344_read_1305_ch_232_strand.fast5	ffffdfa9-ea78-4957-ba80-3d92faf71e74	13797ccf3e2df77597eb86d8e23088d7f34ba047	232	1085.2227779999998	1.491	1192	True	1085.352783	1088	1.361	563	10.213052000000001	-0.003276	81.361938	9.87838
minion2_PC_20180219_FAH55989_MN19166_sequencing_run_madagascar_tb_mdr_1_10344_read_85308_ch_234_strand.fast5	ffffb103-af2f-4792-8de3-b6f08a8c9faa	13797ccf3e2df77597eb86d8e23088d7f34ba047	234	54554.12109400001	12.71625	10173	True	54554.22265599999	10090	12.6125	4634	10.837461	-0.001632	90.521889	10.776413
minion2_PC_20180219_FAH55989_MN19166_sequencing_run_madagascar_tb_mdr_1_10344_read_50131_ch_470_strand.fast5	fffec0bd-e564-4304-ab8d-0337619f1a58	13797ccf3e2df77597eb86d8e23088d7f34ba047	470	29030.443358999997	1.9425	1554	False	29030.521483999997	1491	1.86375	638	4.066631	-0.003206	89.98307	8.980347
minion2_PC_20180219_FAH55989_MN19166_sequencing_run_madagascar_tb_mdr_1_10344_read_31606_ch_372_strand.fast5	fffeabc1-8d63-4a73-ae40-9438f3559d80	13797ccf3e2df77597eb86d8e23088d7f34ba047	372	18121.015625	2.07475	1659	False	18121.115234	1578	1.9735	759	6.558582	-0.0017289999999999999	93.036392	10.596809
minion2_PC_20180219_FAH55989_MN19166_sequencing_run_madagascar_tb_mdr_1_10344_read_58954_ch_447_strand.fast5	fffea8b3-2e3d-4698-994d-3ddba3cb2681	13797ccf3e2df77597eb86d8e23088d7f34ba047	447	30190.298827999995	5.83975	4671	True	30190.310547000005	4662	5.8285	2179	7.838394999999999	-0.0012490000000000001	91.41993000000001	10.417206
minion2_PC_20180219_FAH55989_MN19166_sequencing_run_madagascar_tb_mdr_1_10344_read_18351_ch_476_strand.fast5	fffdb306-27ba-482f-8717-cbc7db16f3be	13797ccf3e2df77597eb86d8e23088d7f34ba047	476	12873.600586	6.62475	5299	True	12873.720703	5203	6.50475	2678	7.915894000000001	-0.001364	99.143028	10.776421000000001
minion2_PC_20180219_FAH55989_MN19166_sequencing_run_madagascar_tb_mdr_1_10344_read_137937_ch_280_strand.fast5	fffd354d-6fc0-4b11-b6aa-d1d8bb6b155a	13797ccf3e2df77597eb86d8e23088d7f34ba047	280	120129.453125	3.31575	2652	True	120129.49218800002	2615	3.2695	1329	9.385477999999999	-0.001327	103.992409	10.956024000000001
minion2_PC_20180219_FAH55989_MN19166_sequencing_run_madagascar_tb_mdr_1_10344_read_101187_ch_176_strand.fast5	fffd1d41-cfe5-43d0-b75f-8bdcca3ecf45	13797ccf3e2df77597eb86d8e23088d7f34ba047	176	30185.355469	1.133	906	True	30185.408202999995	864	1.0805	457	9.271453	-0.0013039999999999998	92.677177	9.87838
minion2_PC_20180219_FAH55989_MN19166_sequencing_run_madagascar_tb_mdr_1_10344_read_86578_ch_245_strand.fast5	fffc4682-086e-4acc-9a3f-74c47cae3ef7	13797ccf3e2df77597eb86d8e23088d7f34ba047	245	59073.265625	3.48025	2784	True	59073.375	2694	3.36775	888	10.512295	-0.002043	90.7015	10.956024000000001
minion2_PC_20180219_FAH55989_MN19166_sequencing_run_madagascar_tb_mdr_1_10344_read_47626_ch_130_strand.fast5	fffc06ff-22bf-4c7f-aa3c-747c0ff18d13	13797ccf3e2df77597eb86d8e23088d7f34ba047	130	59056.46875	9.69925	7759	True	59056.632812	7628	9.5355	4123	8.97241	-0.001773	103.81280500000001	11.135628
minion2_PC_20180219_FAH55989_MN19166_sequencing_run_madagascar_tb_mdr_1_10344_read_91810_ch_390_strand.fast5	fffadabb-9cfe-4af9-ab07-517722e0d704	13797ccf3e2df77597eb86d8e23088d7f34ba047	390	45800.386719	6.6925	5354	True	45800.386719	5354	6.6925	2576	10.029598	-0.0014060000000000001	99.502235	10.057983
minion2_PC_20180219_FAH55989_MN19166_sequencing_run_madagascar_tb_mdr_1_10344_read_58882_ch_359_strand.fast5	fffa6c46-92ec-42f5-9f1a-8bae377dee5d	13797ccf3e2df77597eb86d8e23088d7f34ba047	359	40778.578125	13.771	11016	True	40778.597656	11003	13.75475	5364	10.996955999999999	-0.001348	86.39093000000001	10.237594999999999
minion2_PC_20180219_FAH55989_MN19166_sequencing_run_madagascar_tb_mdr_1_10344_read_120818_ch_36_strand.fast5	fffa1291-e9dc-472f-a66b-4b1025b90d1e	13797ccf3e2df77597eb86d8e23088d7f34ba047	36	57265.26953099999	4.88275	3906	True	57265.296875	3885	4.8565	1730	10.425168	-0.002257	88.366608	9.698775999999999
minion2_PC_20180219_FAH55989_MN19166_sequencing_run_madagascar_tb_mdr_1_10344_read_84080_ch_249_strand.fast5	fff8ce7e-9c72-4cbe-9b8d-957be624e40b	13797ccf3e2df77597eb86d8e23088d7f34ba047	249	46981.089844	8.25325	6602	True	46981.222656	6495	8.1195	2574	8.737966	-0.0016239999999999998	94.29364	10.776421000000001
minion2_PC_20180219_FAH55989_MN19166_sequencing_run_madagascar_tb_mdr_1_10344_read_39761_ch_105_strand.fast5	fff88709-c4d0-4eb8-a05b-e553766cddd7	13797ccf3e2df77597eb86d8e23088d7f34ba047	105	30966.232422000005	3.0005	2400	True	30966.240233999997	2393	2.99175	1356	9.392324	-0.001583	93.395607	10.776421000000001
minion2_PC_20180219_FAH55989_MN19166_sequencing_run_madagascar_tb_mdr_1_10344_read_27721_ch_75_strand.fast5	fff81753-2972-46be-8916-884127ad27df	13797ccf3e2df77597eb86d8e23088d7f34ba047	75	16318.524413999998	8.2145	6571	True	16318.551758000001	6548	8.18575	3383	8.228986	-0.001371	96.98774	10.057983
minion2_PC_20180219_FAH55989_MN19166_sequencing_run_madagascar_tb_mdr_1_10344_read_41895_ch_252_strand.fast5	fff77d21-a2e5-4560-a8ee-1752ab8f8e6d	13797ccf3e2df77597eb86d8e23088d7f34ba047	252	19981.962891	3.66575	2932	True	19982.214844	2730	3.41325	1160	10.254233000000001	-0.0018739999999999998	88.366608	9.87838
minion2_PC_20180219_FAH55989_MN19166_sequencing_run_madagascar_tb_mdr_1_10344_read_27084_ch_439_strand.fast5	fff73381-fd5a-4f36-8dec-bd68165c4b1f	13797ccf3e2df77597eb86d8e23088d7f34ba047	439	16726.697266	5.73975	4591	True	16726.992188	4355	5.44475	1906	11.74182	-0.0017059999999999998	89.623856	10.237594999999999
minion2_PC_20180219_FAH55989_MN19166_sequencing_run_madagascar_tb_mdr_1_10344_read_23085_ch_438_strand.fast5	fff6ba32-bdb9-4659-b510-326275802f8b	13797ccf3e2df77597eb86d8e23088d7f34ba047	438	12937.875	1.14875	919	True	12937.943359	865	1.08125	417	7.6297630000000005	-0.001111	89.803467	10.237594999999999
minion2_PC_20180219_FAH55989_MN19166_sequencing_run_madagascar_tb_mdr_1_10344_read_6910_ch_147_strand.fast5	fff686d9-ad7b-458b-a3e9-d62d3e1f9224	13797ccf3e2df77597eb86d8e23088d7f34ba047	147	6304.800781	1.78925	1431	True	6305.012695	1262	1.578	560	11.208139	-0.002898	84.594864	10.237594999999999
minion2_PC_20180219_FAH55989_MN19166_sequencing_run_madagascar_tb_mdr_1_10344_read_6677_ch_163_strand.fast5	fff67b2b-9544-406f-a039-ec2acdc79086	13797ccf3e2df77597eb86d8e23088d7f34ba047	163	5735.170897999999	7.41875	5935	True	5735.376953	5770	7.2125	2637	11.770158	-0.001846	84.594864	10.237594999999999
minion2_PC_20180219_FAH55989_MN19166_sequencing_run_madagascar_tb_mdr_1_10344_read_34266_ch_268_strand.fast5	fff653f8-12c3-45ef-9a8a-a647fd613af6	13797ccf3e2df77597eb86d8e23088d7f34ba047	268	25513.638672	7.96075	6368	True	25513.800781	6238	7.79825	2204	8.153724	-0.0017050000000000001	98.963417	11.315239
minion2_PC_20180219_FAH55989_MN19166_sequencing_run_madagascar_tb_mdr_1_10344_read_29335_ch_407_strand.fast5	fff62e71-8663-4b95-b1e5-8b2dbb4d1457	13797ccf3e2df77597eb86d8e23088d7f34ba047	407	41687.15625	3.63925	2911	True	41687.402344	2714	3.393	1354	10.045668	-0.001628	92.677177	9.698775999999999
minion2_PC_20180219_FAH55989_MN19166_sequencing_run_madagascar_tb_mdr_1_10344_read_71020_ch_7_strand.fast5	fff55d02-4992-4b94-8b17-cb19cfde7150	13797ccf3e2df77597eb86d8e23088d7f34ba047	7	66579.789062	9.10025	7280	True	66579.84375	7241	9.0515	3574	10.253851	-0.001513	93.754814	10.417197999999999
minion2_PC_20180219_FAH55989_MN19166_sequencing_run_madagascar_tb_mdr_1_10344_read_19342_ch_89_strand.fast5	fff51c30-d2bf-4b01-b493-41e9b35063cb	13797ccf3e2df77597eb86d8e23088d7f34ba047	89	11371.618164	2.953	2362	True	11371.748047	2258	2.823	1042	7.605208999999999	-0.0016420000000000002	102.375946	10.237602
minion2_PC_20180219_FAH55989_MN19166_sequencing_run_madagascar_tb_mdr_1_10344_read_43569_ch_407_strand.fast5	fff4ef79-604a-4a45-ad95-9ef5e72fb48b	13797ccf3e2df77597eb86d8e23088d7f34ba047	407	51302.070312	14.68175	11745	True	51302.070312	11745	14.68175	4583	11.019717	-0.0016190000000000002	94.832458	11.854057000000001
minion2_PC_20180219_FAH55989_MN19166_sequencing_run_madagascar_tb_mdr_1_10344_read_78751_ch_78_strand.fast5	fff49658-213c-4058-b730-0ea405af4a13	13797ccf3e2df77597eb86d8e23088d7f34ba047	78	59038.351562	2.49575	1996	True	59038.46875	1905	2.382	975	7.6655869999999995	-0.003102	99.502235	11.674453999999999
minion2_PC_20180219_FAH55989_MN19166_sequencing_run_madagascar_tb_mdr_1_10344_read_137742_ch_16_strand.fast5	fff3ea6d-a2ac-4f12-a349-a47f9548fe6d	13797ccf3e2df77597eb86d8e23088d7f34ba047	16	110532.234375	2.165	1732	True	110532.25	1724	2.155	871	7.832615	-0.00149	113.511581	11.854057000000001
minion2_PC_20180219_FAH55989_MN19166_sequencing_run_madagascar_tb_mdr_1_10344_read_32468_ch_164_strand.fast5	fff3aea5-0a19-48f5-a395-00d593467c1d	13797ccf3e2df77597eb86d8e23088d7f34ba047	164	32923.261719	2.53875	2031	True	32923.261719	2031	2.53875	777	7.880486	-0.0025989999999999997	87.648178	9.878387
minion2_PC_20180219_FAH55989_MN19166_sequencing_run_madagascar_tb_mdr_1_10344_read_3864_ch_110_strand.fast5	fff374df-835b-4bd4-bdff-f5dccd6a6bb6	13797ccf3e2df77597eb86d8e23088d7f34ba047	110	2258.673096	1.7765	1421	True	2258.673096	1421	1.7765	635	7.057504	-0.002583	85.133682	9.698769
minion2_PC_20180219_FAH55989_MN19166_sequencing_run_madagascar_tb_mdr_1_10344_read_367_ch_424_strand.fast5	fff3398a-40e9-45c0-9961-62b7a2790767	13797ccf3e2df77597eb86d8e23088d7f34ba047	424	316.23199500000004	1.974	1579	True	316.309509	1517	1.8965	750	10.276452	-0.003062	81.721153	10.417197999999999
minion2_PC_20180219_FAH55989_MN19166_sequencing_run_madagascar_tb_mdr_1_10344_read_52022_ch_288_strand.fast5	fff2d833-2111-4597-8387-bd2b159c6206	13797ccf3e2df77597eb86d8e23088d7f34ba047	288	27313.976562	7.446	5956	True	27314.212891000003	5767	7.20975	3282	8.296341	-0.0013650000000000001	87.10936	9.87838
minion2_PC_20180219_FAH55989_MN19166_sequencing_run_madagascar_tb_mdr_1_10344_read_59771_ch_300_strand.fast5	fff28c55-a75d-48e8-abdb-212230b5cd7c	13797ccf3e2df77597eb86d8e23088d7f34ba047	300	36586.363281	6.02275	4818	True	36586.480469	4725	5.9065	2389	10.558467	-0.002031	94.29364	10.776413
minion2_PC_20180219_FAH55989_MN19166_sequencing_run_madagascar_tb_mdr_1_10344_read_169193_ch_238_strand.fast5	fff22a0f-3c55-47ca-afa2-ab8f1dda6e9b	13797ccf3e2df77597eb86d8e23088d7f34ba047	238	98136.28125	1.76775	1414	True	98136.34375	1358	1.69775	656	7.388828	-0.00176	78.129013	8.800742999999999
minion2_PC_20180219_FAH55989_MN19166_sequencing_run_madagascar_tb_mdr_1_10344_read_75131_ch_44_strand.fast5	fff1adb4-ed40-4e46-9c45-cc79cafe4bc3	13797ccf3e2df77597eb86d8e23088d7f34ba047	44	87815.875	2.91225	2329	True	87815.929688	2285	2.85725	1105	7.052042	-0.0022010000000000003	77.949409	10.057983
minion2_PC_20180219_FAH55989_MN19166_sequencing_run_madagascar_tb_mdr_1_10344_read_49666_ch_488_strand.fast5	fff13cea-5377-4d43-947c-c856f1a2825b	13797ccf3e2df77597eb86d8e23088d7f34ba047	488	28086.324219	8.937	7149	True	28086.408202999995	7081	8.852	3371	10.806755	-0.001599	85.492897	10.596809
minion2_PC_20180219_FAH55989_MN19166_sequencing_run_madagascar_tb_mdr_1_10344_read_447711_ch_86_strand.fast5	fff12585-8265-460a-90bd-1b610edd5707	13797ccf3e2df77597eb86d8e23088d7f34ba047	86	60014.16796900001	3.84075	3072	True	60014.23828099999	3014	3.76825	1181	10.538771	-0.001889	99.322632	8.800742999999999
minion2_PC_20180219_FAH55989_MN19166_sequencing_run_madagascar_tb_mdr_1_10344_read_161148_ch_99_strand.fast5	fff1159b-81a3-4f93-9d58-953ba60634b7	13797ccf3e2df77597eb86d8e23088d7f34ba047	99	126052.140625	2.8325	2266	False	126052.27343800002	2166	2.7075	768	6.994585000000001	-0.00256	110.27865600000001	13.650131
minion2_PC_20180219_FAH55989_MN19166_sequencing_run_madagascar_tb_mdr_1_10344_read_10181_ch_9_strand.fast5	fff0f1bc-7eb2-4337-8ea9-691e1bbc7fff	13797ccf3e2df77597eb86d8e23088d7f34ba047	9	6540.391602000001	7.871	6296	True	6540.402832	6287	7.85975	3238	9.724077000000001	-0.001716	91.77914399999999	10.237594999999999
minion2_PC_20180219_FAH55989_MN19166_sequencing_run_madagascar_tb_mdr_1_10344_read_172859_ch_507_strand.fast5	fff0b76d-166f-426c-904b-448fb576591c	13797ccf3e2df77597eb86d8e23088d7f34ba047	507	132207.40625	8.548	6838	False	132207.4375	6815	8.51925	1669	6.755614	-0.0021579999999999998	100.220665	9.698775999999999
minion2_PC_20180219_FAH55989_MN19166_sequencing_run_madagascar_tb_mdr_1_10344_read_13587_ch_209_strand.fast5	fff07330-7fe7-4aaf-a034-80f69b326fad	13797ccf3e2df77597eb86d8e23088d7f34ba047	209	29162.28125	1.99625	1597	False	29162.304688	1579	1.97375	729	5.982172	-0.0025859999999999998	65.376923	9.87838
minion2_PC_20180219_FAH55989_MN19166_sequencing_run_madagascar_tb_mdr_1_10344_read_783_ch_173_strand.fast5	fff06078-3b25-48a4-8d9c-6a0f3db9b3db	13797ccf3e2df77597eb86d8e23088d7f34ba047	173	580.970276	2.0895	1671	True	581.0177610000001	1633	2.042	776	9.084124000000001	-0.002045	87.468575	10.956024000000001
minion2_PC_20180219_FAH55989_MN19166_sequencing_run_madagascar_tb_mdr_1_10344_read_1024_ch_247_strand.fast5	ffefb53f-4ed7-4587-9c1e-29b16a230351	13797ccf3e2df77597eb86d8e23088d7f34ba047	247	724.945496	1.14525	916	True	725.05426	829	1.0365	396	9.667694000000001	-0.002409	89.444252	9.698775999999999
minion2_PC_20180219_FAH55989_MN19166_sequencing_run_madagascar_tb_mdr_1_10344_read_27693_ch_120_strand.fast5	ffef341d-4055-4f87-9762-208f4bedf006	13797ccf3e2df77597eb86d8e23088d7f34ba047	120	17625.033203	1.2585	1006	True	17625.097656	955	1.19475	549	10.975514	-0.0009390000000000001	87.28897099999999	10.417206
minion2_PC_20180219_FAH55989_MN19166_sequencing_run_madagascar_tb_mdr_1_10344_read_48176_ch_501_strand.fast5	ffee3099-bd2c-4e5d-a1dc-a9fbad545351	13797ccf3e2df77597eb86d8e23088d7f34ba047	501	30124.705077999995	5.4415	4353	True	30125.253906	3915	4.894	1885	8.330796000000001	-0.001866	91.060715	10.237594999999999
minion2_PC_20180219_FAH55989_MN19166_sequencing_run_madagascar_tb_mdr_1_10344_read_11001_ch_293_strand.fast5	ffed5440-7191-453e-935e-f398f86f81a7	13797ccf3e2df77597eb86d8e23088d7f34ba047	293	7331.066406	4.197	3357	True	7331.223145	3232	4.04075	1587	9.066036	-0.0018440000000000002	87.28897099999999	10.237594999999999
minion2_PC_20180219_FAH55989_MN19166_sequencing_run_madagascar_tb_mdr_1_10344_read_141528_ch_27_strand.fast5	ffed1b33-13ca-4ac4-9353-77edfafc2ab3	13797ccf3e2df77597eb86d8e23088d7f34ba047	27	89815.007812	5.3855	4308	True	89815.046875	4272	5.3405	2407	7.751772	-0.0017100000000000001	109.02140800000001	11.494843
minion2_PC_20180219_FAH55989_MN19166_sequencing_run_madagascar_tb_mdr_1_10344_read_773_ch_201_strand.fast5	ffeb8bce-78b1-4f2a-b852-11bf1eeceefe	13797ccf3e2df77597eb86d8e23088d7f34ba047	201	640.435242	3.9755	3180	True	640.6190190000001	3033	3.79175	1535	8.388477	-0.0016129999999999999	85.492897	10.956024000000001
minion2_PC_20180219_FAH55989_MN19166_sequencing_run_madagascar_tb_mdr_1_10344_read_32143_ch_392_strand.fast5	ffeb7146-fdef-40a6-b28b-bb4ccfe31e7e	13797ccf3e2df77597eb86d8e23088d7f34ba047	392	30174.197266000003	16.039	12831	True	30174.253906	12786	15.98275	5923	11.805025	-0.001577	89.085037	10.776413
minion2_PC_20180219_FAH55989_MN19166_sequencing_run_madagascar_tb_mdr_1_10344_read_24400_ch_34_strand.fast5	ffeb25ff-9e26-4c0b-bd32-588b3383e735	13797ccf3e2df77597eb86d8e23088d7f34ba047	34	13619.668945	9.35675	7485	False	13619.668945	7485	9.35675	3139	5.230129	-0.001359	88.00739300000001	8.441521
minion2_PC_20180219_FAH55989_MN19166_sequencing_run_madagascar_tb_mdr_1_10344_read_1767_ch_128_strand.fast5	ffe96e13-e2d1-45eb-98dc-37e676e7a2e2	13797ccf3e2df77597eb86d8e23088d7f34ba047	128	1194.374023	1.363	1090	True	1194.463989	1018	1.273	512	8.389905	-0.002229	87.019562	9.788582
minion2_PC_20180219_FAH55989_MN19166_sequencing_run_madagascar_tb_mdr_1_10344_read_155800_ch_492_strand.fast5	ffe8ef1d-78db-4ef0-b157-0b8139f46f73	13797ccf3e2df77597eb86d8e23088d7f34ba047	492	120810.90625	1.00225	801	True	120810.92968800002	782	0.9785	401	9.233544	-0.0028399999999999996	104.17201999999999	11.135628
minion2_PC_20180219_FAH55989_MN19166_sequencing_run_madagascar_tb_mdr_1_10344_read_8055_ch_109_strand.fast5	ffe87e93-a0d7-463b-82d6-85f15cbd040f	13797ccf3e2df77597eb86d8e23088d7f34ba047	109	7493.053223000001	7.80675	6245	True	7493.583008	5821	7.27675	3102	7.988410000000001	-0.001075	92.677177	10.237594999999999
minion2_PC_20180219_FAH55989_MN19166_sequencing_run_madagascar_tb_mdr_1_10344_read_27104_ch_10_strand.fast5	ffe7a543-3ffd-4b0a-bb61-4cdbd7f3c89c	13797ccf3e2df77597eb86d8e23088d7f34ba047	10	23923.853516	3.94925	3159	True	23923.943359	3088	3.8605	1620	8.214177000000001	-0.001934	105.96808600000001	10.956024000000001
minion2_PC_20180219_FAH55989_MN19166_sequencing_run_madagascar_tb_mdr_1_10344_read_23596_ch_78_strand.fast5	ffe61ed8-2eb4-4745-95ad-c72f2a20f237	13797ccf3e2df77597eb86d8e23088d7f34ba047	78	15906.498047	12.3	9840	True	15906.65625	9714	12.1425	2895	10.086426	-0.001745	94.652855	10.776413
minion2_PC_20180219_FAH55989_MN19166_sequencing_run_madagascar_tb_mdr_1_10344_read_9885_ch_301_strand.fast5	ffe5c0da-1919-40f3-ab61-b336d9a50bdf	13797ccf3e2df77597eb86d8e23088d7f34ba047	301	6188.52002	9.5755	7660	True	6188.589844	7604	9.5055	3664	10.295722	-0.001533	86.39093000000001	10.237594999999999
minion2_PC_20180219_FAH55989_MN19166_sequencing_run_madagascar_tb_mdr_1_10344_read_39869_ch_254_strand.fast5	ffe5b92c-96b4-45f2-b781-307240e33d1d	13797ccf3e2df77597eb86d8e23088d7f34ba047	254	23238.119141	10.566	8452	False	23238.335938	8278	10.3485	4519	6.46983	-0.001913	88.187004	10.057991000000001
minion2_PC_20180219_FAH55989_MN19166_sequencing_run_madagascar_tb_mdr_1_10344_read_9318_ch_251_strand.fast5	ffe58c00-d644-4fdd-bc14-160ad92e71f1	13797ccf3e2df77597eb86d8e23088d7f34ba047	251	4816.455078	1.30475	1043	True	4816.597656	929	1.16225	452	7.079453999999999	-0.003048	89.264641	10.776421000000001
minion2_PC_20180219_FAH55989_MN19166_sequencing_run_madagascar_tb_mdr_1_10344_read_72991_ch_234_strand.fast5	ffe55684-7bdc-4db4-87ef-8f71cc667f6a	13797ccf3e2df77597eb86d8e23088d7f34ba047	234	48744.554688	3.6795	2943	True	48744.679688	2841	3.552	1306	10.729847999999999	-0.001126	88.725822	10.776413
minion2_PC_20180219_FAH55989_MN19166_sequencing_run_madagascar_tb_mdr_1_10344_read_9214_ch_506_strand.fast5	ffe548da-5a6f-433e-a8f4-a2962218d35c	13797ccf3e2df77597eb86d8e23088d7f34ba047	506	5953.973633	1.38275	1106	True	5954.058594	1038	1.29775	470	8.850513000000001	-0.002578	83.158005	10.776421000000001
minion2_PC_20180219_FAH55989_MN19166_sequencing_run_madagascar_tb_mdr_1_10344_read_2138_ch_508_strand.fast5	ffe548d5-32f4-4e46-ad26-0c068221cdf6	13797ccf3e2df77597eb86d8e23088d7f34ba047	508	1642.2344970000001	3.199	2559	True	1642.274536	2527	3.159	1275	7.945036	-0.002736	87.827789	10.417197999999999
minion2_PC_20180219_FAH55989_MN19166_sequencing_run_madagascar_tb_mdr_1_10344_read_13858_ch_75_strand.fast5	ffe4bd69-9e0f-407b-a522-8fa319d2843d	13797ccf3e2df77597eb86d8e23088d7f34ba047	75	8925.572266	3.39875	2719	True	8925.655273	2653	3.31625	1243	7.467026	-0.0019420000000000001	94.29364	10.057983
minion2_PC_20180219_FAH55989_MN19166_sequencing_run_madagascar_tb_mdr_1_10344_read_57417_ch_300_strand.fast5	ffe49fde-79cc-4049-b099-f6be0e8c5926	13797ccf3e2df77597eb86d8e23088d7f34ba047	300	35385.242188	7.542	6033	True	35385.394531	5910	7.38825	2819	9.961606	-0.002036	90.342285	10.417206
minion2_PC_20180219_FAH55989_MN19166_sequencing_run_madagascar_tb_mdr_1_10344_read_78814_ch_347_strand.fast5	ffe477ab-ad4c-4d2b-ba8b-7c3e17672580	13797ccf3e2df77597eb86d8e23088d7f34ba047	347	60699.21484400001	10.757	8605	True	60699.25390599999	8575	10.7195	4147	10.469598	-0.0014140000000000001	100.57988	10.956024000000001
minion2_PC_20180219_FAH55989_MN19166_sequencing_run_madagascar_tb_mdr_1_10344_read_6741_ch_383_strand.fast5	ffe3d500-aee5-4094-b392-b9d5f8fa0e35	13797ccf3e2df77597eb86d8e23088d7f34ba047	383	4107.689941	2.43575	1948	True	4107.925781	1759	2.1995	881	10.817484	-0.001773	85.133682	9.608971
minion2_PC_20180219_FAH55989_MN19166_sequencing_run_madagascar_tb_mdr_1_10344_read_24602_ch_472_strand.fast5	ffe364b5-cc5c-41c0-bef2-e2be1e792d0c	13797ccf3e2df77597eb86d8e23088d7f34ba047	472	29871.841797000005	2.4225	1938	True	29871.955077999995	1846	2.3075	888	10.25816	-0.0016940000000000002	92.138351	11.315230999999999
minion2_PC_20180219_FAH55989_MN19166_sequencing_run_madagascar_tb_mdr_1_10344_read_55612_ch_292_strand.fast5	ffe34bbb-fef5-41ea-b57d-271fcd4e97b8	13797ccf3e2df77597eb86d8e23088d7f34ba047	292	32564.226562	1.44725	1157	True	32564.335938	1069	1.33725	531	8.402222	-0.003326	93.934425	10.956024000000001
minion2_PC_20180219_FAH55989_MN19166_sequencing_run_madagascar_tb_mdr_1_10344_read_35436_ch_285_strand.fast5	ffe33b93-0ced-4e13-b08c-e025454eae21	13797ccf3e2df77597eb86d8e23088d7f34ba047	285	37473.078125	4.213	3370	True	37473.121094	3338	4.173	1470	11.036321000000001	-0.0012980000000000001	96.808136	10.596809
minion2_PC_20180219_FAH55989_MN19166_sequencing_run_madagascar_tb_mdr_1_10344_read_59850_ch_27_strand.fast5	ffe2fd70-9fcf-4312-acbb-7a6239297ecd	13797ccf3e2df77597eb86d8e23088d7f34ba047	27	38892.496094	5.6915	4553	True	38892.644531	4435	5.544	2030	10.929178	-0.0012699999999999999	89.98307	10.237594999999999
minion2_PC_20180219_FAH55989_MN19166_sequencing_run_madagascar_tb_mdr_1_10344_read_79082_ch_119_strand.fast5	ffe2d3ba-d99a-425f-8294-3c4e9589027a	13797ccf3e2df77597eb86d8e23088d7f34ba047	119	48751.839844	2.2065	1765	True	48751.929688	1693	2.1165	1016	8.143180000000001	-0.0019199999999999998	87.468575	9.519165
minion2_PC_20180219_FAH55989_MN19166_sequencing_run_madagascar_tb_mdr_1_10344_read_11157_ch_402_strand.fast5	ffe25df3-f17d-4705-ba60-19104a323a38	13797ccf3e2df77597eb86d8e23088d7f34ba047	402	7190.583008	3.9265	3141	True	7190.760742	2999	3.749	1482	7.799268	-0.002374	93.575211	10.057991000000001
minion2_PC_20180219_FAH55989_MN19166_sequencing_run_madagascar_tb_mdr_1_10344_read_95042_ch_371_strand.fast5	ffe10891-4162-431a-9455-2c3939bc465d	13797ccf3e2df77597eb86d8e23088d7f34ba047	371	63565.375	10.42875	8343	True	63565.859375	7956	9.945	3828	10.739174	-0.001584	95.910103	10.596809
minion2_PC_20180219_FAH55989_MN19166_sequencing_run_madagascar_tb_mdr_1_10344_read_129307_ch_176_strand.fast5	ffdff8cd-2856-4d6d-a51b-d1f8e627f3c2	13797ccf3e2df77597eb86d8e23088d7f34ba047	176	44963.703125	3.39375	2715	False	44963.921875	2542	3.1775	1055	3.0636349999999997	-0.0023870000000000002	94.114029	8.980347
minion2_PC_20180219_FAH55989_MN19166_sequencing_run_madagascar_tb_mdr_1_10344_read_6382_ch_283_strand.fast5	ffdf348d-546e-4d06-a74f-57355239ffdd	13797ccf3e2df77597eb86d8e23088d7f34ba047	283	4615.948242	3.28575	2628	True	4616.168945	2451	3.0645	1184	8.955964999999999	-0.002657	85.852112	10.956024000000001
minion2_PC_20180219_FAH55989_MN19166_sequencing_run_madagascar_tb_mdr_1_10344_read_13608_ch_170_strand.fast5	ffdf1ada-c464-47ec-bd92-3288c2e23f74	13797ccf3e2df77597eb86d8e23088d7f34ba047	170	7752.164062000001	15.6055	12484	True	7752.225586	12435	15.54425	6104	11.168316	-0.001381	90.7015	10.776413
minion2_PC_20180219_FAH55989_MN19166_sequencing_run_madagascar_tb_mdr_1_10344_read_16670_ch_387_strand.fast5	ffdefd89-7963-44f4-8008-bd173d766dbb	13797ccf3e2df77597eb86d8e23088d7f34ba047	387	10110.443359	8.88475	7107	True	10110.498047	7063	8.82975	2856	11.01383	-0.001777	93.21599599999999	10.417206
minion2_PC_20180219_FAH55989_MN19166_sequencing_run_madagascar_tb_mdr_1_10344_read_73792_ch_380_strand.fast5	ffde95b0-1857-4fb8-af77-2ea4788856c0	13797ccf3e2df77597eb86d8e23088d7f34ba047	380	59206.023438	25.985001	20788	True	59206.05078099999	20764	25.955	10431	8.473161	-0.0018100000000000002	93.395607	10.417206
minion2_PC_20180219_FAH55989_MN19166_sequencing_run_madagascar_tb_mdr_1_10344_read_45023_ch_426_strand.fast5	ffde8f72-fa2c-4878-87a4-0ed63a15898e	13797ccf3e2df77597eb86d8e23088d7f34ba047	426	27068.087891000003	8.79925	7039	True	27068.214844	6938	8.673	3544	11.123959	-0.0017579999999999998	93.575211	10.596809
minion2_PC_20180219_FAH55989_MN19166_sequencing_run_madagascar_tb_mdr_1_10344_read_35825_ch_91_strand.fast5	ffde3834-a0af-4533-a308-75e6ae84ce69	13797ccf3e2df77597eb86d8e23088d7f34ba047	91	18727.480469	1.8275	1462	True	18727.533203	1418	1.7725	744	7.330736	-0.0019399999999999999	98.963417	10.596809
minion2_PC_20180219_FAH55989_MN19166_sequencing_run_madagascar_tb_mdr_1_10344_read_69255_ch_390_strand.fast5	ffdde68d-1228-4d4f-a1f2-d123aae03c02	13797ccf3e2df77597eb86d8e23088d7f34ba047	390	34494.078125	12.9995	10399	True	34494.117188	10372	12.96575	4916	9.610232	-0.001401	92.85678100000001	10.417206
minion2_PC_20180219_FAH55989_MN19166_sequencing_run_madagascar_tb_mdr_1_10344_read_6595_ch_98_strand.fast5	ffdcf7d3-bbb7-4e82-8bf7-72a011c1ec19	13797ccf3e2df77597eb86d8e23088d7f34ba047	98	32290.347656	23.2495	18599	True	32290.371094	18580	23.22575	8881	10.829348	-0.00164	90.88110400000001	10.237594999999999
minion2_PC_20180219_FAH55989_MN19166_sequencing_run_madagascar_tb_mdr_1_10344_read_14630_ch_141_strand.fast5	ffdc37da-ea2b-4f57-ab2b-a04ae1b82f4d	13797ccf3e2df77597eb86d8e23088d7f34ba047	141	8555.650391	1.914	1531	True	8555.754883	1447	1.809	718	10.732002	-0.001141	91.599533	10.776413
minion2_PC_20180219_FAH55989_MN19166_sequencing_run_madagascar_tb_mdr_1_10344_read_4197_ch_41_strand.fast5	ffdc1d72-2504-4d82-8843-5869002cdab7	13797ccf3e2df77597eb86d8e23088d7f34ba047	41	2951.772217	1.4555	1164	True	2951.7973629999997	1144	1.4305	592	9.962406	-0.0027890000000000002	88.366608	10.237594999999999
minion2_PC_20180219_FAH55989_MN19166_sequencing_run_madagascar_tb_mdr_1_10344_read_99247_ch_189_strand.fast5	ffdbe8bb-00d6-41df-8d4b-7d39cd566775	13797ccf3e2df77597eb86d8e23088d7f34ba047	189	93855.351562	2.581	2064	True	93855.4375	1988	2.486	989	9.759511999999999	-0.0017469999999999999	94.29364	11.135635
minion2_PC_20180219_FAH55989_MN19166_sequencing_run_madagascar_tb_mdr_1_10344_read_159009_ch_344_strand.fast5	ffda12da-2f5a-438f-be3e-34002c5c4f23	13797ccf3e2df77597eb86d8e23088d7f34ba047	344	86440.5625	9.13	7304	True	86440.601562	7271	9.08875	4219	8.23517	-0.001372	107.045731	10.956024000000001
minion2_PC_20180219_FAH55989_MN19166_sequencing_run_madagascar_tb_mdr_1_10344_read_1814_ch_269_strand.fast5	ffd98a9f-a99e-4114-afcd-94a008aa640d	13797ccf3e2df77597eb86d8e23088d7f34ba047	269	1284.633057	1.00175	801	True	1284.716797	734	0.918	408	7.779364	-0.003077	90.252487	11.225425999999999
minion2_PC_20180219_FAH55989_MN19166_sequencing_run_madagascar_tb_mdr_1_10344_read_8422_ch_425_strand.fast5	ffd95dfa-1fe5-44fb-9789-6c3e813e4f95	13797ccf3e2df77597eb86d8e23088d7f34ba047	425	5332.353027	61.599998	49280	True	5332.384765999999	49254	61.567501	23743	10.717603	-0.0015630000000000002	88.187004	10.417206
minion2_PC_20180219_FAH55989_MN19166_sequencing_run_madagascar_tb_mdr_1_10344_read_2251_ch_108_strand.fast5	ffd950cd-33af-4d21-9362-1478590d6937	13797ccf3e2df77597eb86d8e23088d7f34ba047	108	1578.784546	1.273	1018	True	1578.847046	968	1.2105	571	9.456926	-0.000566	86.031715	10.417206
minion2_PC_20180219_FAH55989_MN19166_sequencing_run_madagascar_tb_mdr_1_10344_read_26409_ch_75_strand.fast5	ffd903d6-b760-4413-90fa-578f1151be0e	13797ccf3e2df77597eb86d8e23088d7f34ba047	75	15227.173828	9.03275	7226	True	15227.255859	7160	8.95025	3584	11.580748	-0.001233	96.269318	10.237594999999999
minion2_PC_20180219_FAH55989_MN19166_sequencing_run_madagascar_tb_mdr_1_10344_read_24336_ch_108_strand.fast5	ffd8454b-479e-414b-bea6-56524247a972	13797ccf3e2df77597eb86d8e23088d7f34ba047	108	16622.099609	4.239	3391	True	16622.099609	3391	4.239	1624	8.995047	-0.001086	90.521889	10.057991000000001
minion2_PC_20180219_FAH55989_MN19166_sequencing_run_madagascar_tb_mdr_1_10344_read_39371_ch_509_strand.fast5	ffd7fbff-b1fc-49c3-a032-dc4d57ef1e2b	13797ccf3e2df77597eb86d8e23088d7f34ba047	509	23248.447266	4.8875	3910	True	23248.529297	3844	4.805	1746	10.471002	-0.00175	93.036392	10.596809
minion2_PC_20180219_FAH55989_MN19166_sequencing_run_madagascar_tb_mdr_1_10344_read_79726_ch_440_strand.fast5	ffd7e75e-7c11-48dc-95c3-de24057eaeed	13797ccf3e2df77597eb86d8e23088d7f34ba047	440	66150.96875	3.148	2518	True	66151.15625	2369	2.96175	1019	10.434133000000001	-0.001719	100.041061	11.135628
minion2_PC_20180219_FAH55989_MN19166_sequencing_run_madagascar_tb_mdr_1_10344_read_242600_ch_106_strand.fast5	ffd7de78-f312-4f8d-ae1c-3ce2aeed97f4	13797ccf3e2df77597eb86d8e23088d7f34ba047	106	93537.867188	15.61125	12489	True	93537.921875	12447	15.55875	6312	8.932535000000001	-0.001686	82.25997199999999	10.417197999999999
minion2_PC_20180219_FAH55989_MN19166_sequencing_run_madagascar_tb_mdr_1_10344_read_62358_ch_127_strand.fast5	ffd7b07e-d4fe-4467-82ee-19e2a6abc22e	13797ccf3e2df77597eb86d8e23088d7f34ba047	127	66034.039062	5.26475	4211	False	66034.070312	4185	5.23225	1594	5.755947	-0.001989	90.88110400000001	10.776421000000001
minion2_PC_20180219_FAH55989_MN19166_sequencing_run_madagascar_tb_mdr_1_10344_read_1265_ch_267_strand.fast5	ffd78e68-35a6-4bb2-8180-32faf1d92224	13797ccf3e2df77597eb86d8e23088d7f34ba047	267	1098.758057	1.778	1422	True	1098.806763	1383	1.72925	679	11.356317	-0.002089	88.187004	10.417206
minion2_PC_20180219_FAH55989_MN19166_sequencing_run_madagascar_tb_mdr_1_10344_read_21194_ch_331_strand.fast5	ffd78d8f-38fd-4266-8513-90938428a3f8	13797ccf3e2df77597eb86d8e23088d7f34ba047	331	36773.71875	10.42575	8340	True	36773.859375	8229	10.287	3943	10.78847	-0.001425	97.795975	10.866219000000001
minion2_PC_20180219_FAH55989_MN19166_sequencing_run_madagascar_tb_mdr_1_10344_read_66904_ch_215_strand.fast5	ffd7541b-b742-49cd-a8c8-78aab3ccbc7c	13797ccf3e2df77597eb86d8e23088d7f34ba047	215	44105.394531	5.83825	4670	True	44105.695312	4429	5.537	2347	8.701341000000001	-0.001361	95.550888	10.057983
minion2_PC_20180219_FAH55989_MN19166_sequencing_run_madagascar_tb_mdr_1_10344_read_1029_ch_370_strand.fast5	ffd74594-d034-4b0c-a433-5c68b43f0db0	13797ccf3e2df77597eb86d8e23088d7f34ba047	370	722.362244	2.703	2162	True	722.385986	2143	2.67925	930	7.545375	-0.001727	89.264641	10.776413
minion2_PC_20180219_FAH55989_MN19166_sequencing_run_madagascar_tb_mdr_1_10344_read_36517_ch_203_strand.fast5	ffd6f680-61de-4b80-9dff-70ec0b73e900	13797ccf3e2df77597eb86d8e23088d7f34ba047	203	32817.761719	4.35325	3482	True	32818.113281	3202	4.00325	1551	10.836649000000001	-0.0018739999999999998	91.77914399999999	10.057991000000001
minion2_PC_20180219_FAH55989_MN19166_sequencing_run_madagascar_tb_mdr_1_10344_read_137104_ch_390_strand.fast5	ffd6f0e4-708b-4e18-80bf-4d2f6dcb66f2	13797ccf3e2df77597eb86d8e23088d7f34ba047	390	65716.4375	5.204	4163	False	65716.570312	4057	5.0715	2001	6.023396	-0.0016829999999999998	97.88578000000001	10.237594999999999
minion2_PC_20180219_FAH55989_MN19166_sequencing_run_madagascar_tb_mdr_1_10344_read_13939_ch_429_strand.fast5	ffd5b1d3-d523-463c-b949-41ce01dbf08b	13797ccf3e2df77597eb86d8e23088d7f34ba047	429	10312.632812	5.083	4066	True	10312.864258	3881	4.85175	1954	11.005063999999999	-0.001429	88.905434	10.417197999999999
minion2_PC_20180219_FAH55989_MN19166_sequencing_run_madagascar_tb_mdr_1_10344_read_43726_ch_117_strand.fast5	ffd4e8f3-2a4e-4dd5-a41a-ddd2ee6608b5	13797ccf3e2df77597eb86d8e23088d7f34ba047	117	24778.919922	5.43625	4349	True	24778.933594	4338	5.4225	2202	7.2274	-0.001995	93.575211	10.417206
minion2_PC_20180219_FAH55989_MN19166_sequencing_run_madagascar_tb_mdr_1_10344_read_63899_ch_118_strand.fast5	ffd4cb9e-7a1e-4879-96ef-ddbcd2f57a8c	13797ccf3e2df77597eb86d8e23088d7f34ba047	118	58230.203125	3.986	3188	True	58230.24609400001	3151	3.93975	1476	8.791017	-0.0013570000000000001	93.934425	10.596809
minion2_PC_20180219_FAH55989_MN19166_sequencing_run_madagascar_tb_mdr_1_10344_read_143945_ch_236_strand.fast5	ffd4b53d-4d6a-4bf4-aec5-22fc0cee0269	13797ccf3e2df77597eb86d8e23088d7f34ba047	236	90929.367188	4.002	3201	True	90929.398438	3177	3.972	1545	10.712769999999999	-0.001326	76.33294699999999	9.87838
minion2_PC_20180219_FAH55989_MN19166_sequencing_run_madagascar_tb_mdr_1_10344_read_31850_ch_319_strand.fast5	ffd40b6b-b98c-4233-9c18-64a1daeb91aa	13797ccf3e2df77597eb86d8e23088d7f34ba047	319	30392.730469	5.14225	4113	True	30392.822266000003	4039	5.04975	1824	7.602392999999999	-0.001962	88.725822	10.956024000000001
minion2_PC_20180219_FAH55989_MN19166_sequencing_run_madagascar_tb_mdr_1_10344_read_55843_ch_501_strand.fast5	ffd3e0ac-8787-43d2-8a6d-b6334deb3b7a	13797ccf3e2df77597eb86d8e23088d7f34ba047	501	33795.023438	4.3555	3484	True	33795.050781	3462	4.328	1025	10.198999	-0.001454	85.313293	10.776413
minion2_PC_20180219_FAH55989_MN19166_sequencing_run_madagascar_tb_mdr_1_10344_read_35360_ch_443_strand.fast5	ffd3cbbd-2997-4f73-93cd-de4bf81ca9e3	13797ccf3e2df77597eb86d8e23088d7f34ba047	443	38508.332031	2.08675	1669	True	38508.394531	1617	2.02175	825	10.204885	-0.0025629999999999997	95.550888	10.776413
minion2_PC_20180219_FAH55989_MN19166_sequencing_run_madagascar_tb_mdr_1_10344_read_1075_ch_438_strand.fast5	ffd3c353-7e55-4a20-8186-3cc3dea0ee89	13797ccf3e2df77597eb86d8e23088d7f34ba047	438	790.010986	7.81025	6248	True	790.028503	6234	7.79275	3389	9.885056	-0.001935	85.492897	9.87838
minion2_PC_20180219_FAH55989_MN19166_sequencing_run_madagascar_tb_mdr_1_10344_read_745_ch_497_strand.fast5	ffd3726f-4702-414a-ac36-ed6bf37cc08f	13797ccf3e2df77597eb86d8e23088d7f34ba047	497	597.8615110000001	4.24725	3397	True	598.28772	3056	3.821	1564	7.799003999999999	-0.0013460000000000002	90.342285	10.956024000000001
minion2_PC_20180219_FAH55989_MN19166_sequencing_run_madagascar_tb_mdr_1_10344_read_387_ch_204_strand.fast5	ffd35d97-79bd-4174-b94b-b81f741e2fe3	13797ccf3e2df77597eb86d8e23088d7f34ba047	204	312.005737	2.018	1614	True	312.223236	1440	1.8005	732	9.484271000000001	-0.002449	90.88110400000001	10.776421000000001
minion2_PC_20180219_FAH55989_MN19166_sequencing_run_madagascar_tb_mdr_1_10344_read_79809_ch_40_strand.fast5	ffd33973-e27d-413c-8f79-70a863703eed	13797ccf3e2df77597eb86d8e23088d7f34ba047	40	47242.980469	4.71425	3771	True	47243.03125	3727	4.65925	1648	8.876819	-0.001115	85.492897	10.596809
minion2_PC_20180219_FAH55989_MN19166_sequencing_run_madagascar_tb_mdr_1_10344_read_44613_ch_100_strand.fast5	ffd32a6b-29ef-4378-9aed-3e64468bff3f	13797ccf3e2df77597eb86d8e23088d7f34ba047	100	59200.59375	4.4825	3586	True	59200.632812	3556	4.445	1562	11.819276	-0.001585	91.060715	10.956024000000001
minion2_PC_20180219_FAH55989_MN19166_sequencing_run_madagascar_tb_mdr_1_10344_read_39786_ch_297_strand.fast5	ffd268d5-428d-4a4f-9a6f-815d6585489e	13797ccf3e2df77597eb86d8e23088d7f34ba047	297	36587.945312	3.431	2744	False	36588.070312	2641	3.30225	938	4.588061	-0.0017420000000000003	66.095352	8.800735000000001
minion2_PC_20180219_FAH55989_MN19166_sequencing_run_madagascar_tb_mdr_1_10344_read_61088_ch_509_strand.fast5	ffd23b0c-0227-46c0-b550-c86c2db84f46	13797ccf3e2df77597eb86d8e23088d7f34ba047	509	33963.449219	3.22975	2583	True	33963.519531	2525	3.15725	1328	7.564048	-0.002718	87.468575	9.698775999999999
minion2_PC_20180219_FAH55989_MN19166_sequencing_run_madagascar_tb_mdr_1_10344_read_135769_ch_443_strand.fast5	ffd169be-4f0c-46ee-9751-daafe39b17f4	13797ccf3e2df77597eb86d8e23088d7f34ba047	443	120246.69531199998	1.86425	1491	True	120246.77343800002	1428	1.7855	601	9.889451	-0.002541	78.667831	9.698769
minion2_PC_20180219_FAH55989_MN19166_sequencing_run_madagascar_tb_mdr_1_10344_read_10031_ch_313_strand.fast5	ffd0e044-69a5-4c3d-9cc5-267e8915e3bf	13797ccf3e2df77597eb86d8e23088d7f34ba047	313	6090.126953	7.42875	5943	True	6090.179199	5901	7.37625	2903	11.475063	-0.001782	86.211327	9.87838
minion2_PC_20180219_FAH55989_MN19166_sequencing_run_madagascar_tb_mdr_1_10344_read_57904_ch_393_strand.fast5	ffd00e88-f508-4903-88a3-4a7ac6b4fdce	13797ccf3e2df77597eb86d8e23088d7f34ba047	393	62961.51953099999	12.30775	9846	True	62961.546875	9826	12.28275	3494	8.313755	-0.001418	105.070053	10.417197999999999
minion2_PC_20180219_FAH55989_MN19166_sequencing_run_madagascar_tb_mdr_1_10344_read_65684_ch_291_strand.fast5	ffcfd9be-cac5-4a91-af17-0a09f7dee9db	13797ccf3e2df77597eb86d8e23088d7f34ba047	291	62175.132812	6.07325	4858	True	62175.16015599999	4837	6.047	2488	8.553189	-0.0017640000000000002	90.16268199999999	10.057991000000001
minion2_PC_20180219_FAH55989_MN19166_sequencing_run_madagascar_tb_mdr_1_10344_read_51685_ch_226_strand.fast5	ffcf6a70-8a40-4d2c-b498-d5e443c20694	13797ccf3e2df77597eb86d8e23088d7f34ba047	226	16623.703125	3.2145	2571	True	16623.734375	2546	3.18325	1275	10.593008	-0.001998	90.16268199999999	10.956024000000001
minion2_PC_20180219_FAH55989_MN19166_sequencing_run_madagascar_tb_mdr_1_10344_read_25547_ch_444_strand.fast5	ffce9699-4908-4842-9ec1-f32c4c8b268f	13797ccf3e2df77597eb86d8e23088d7f34ba047	444	31759.941406	2.75925	2207	True	31759.941406	2207	2.75925	1094	9.863226	-0.0019219999999999999	87.827789	10.596809
minion2_PC_20180219_FAH55989_MN19166_sequencing_run_madagascar_tb_mdr_1_10344_read_52136_ch_322_strand.fast5	ffcd983b-7ed3-436f-95fe-05a29acd569d	13797ccf3e2df77597eb86d8e23088d7f34ba047	322	32360.628906	17.650748999999998	14120	True	32360.775391000003	14002	17.50325	7341	7.308864	-0.001741	96.269318	10.057991000000001
minion2_PC_20180219_FAH55989_MN19166_sequencing_run_madagascar_tb_mdr_1_10344_read_140209_ch_86_strand.fast5	ffcd79be-f06b-4c2a-8e8a-af4f1a28cbaf	13797ccf3e2df77597eb86d8e23088d7f34ba047	86	10641.005859	2.2665	1813	True	10641.099609	1738	2.17275	919	10.307223	-0.001586	89.444252	10.237594999999999
minion2_PC_20180219_FAH55989_MN19166_sequencing_run_madagascar_tb_mdr_1_10344_read_78047_ch_190_strand.fast5	ffcd63b0-07d7-49c8-b47b-ed8c5ebc2025	13797ccf3e2df77597eb86d8e23088d7f34ba047	190	61373.554688	1.769	1415	False	61373.59375	1387	1.734	852	5.6056919999999995	-0.001887	91.599533	10.237594999999999
minion2_PC_20180219_FAH55989_MN19166_sequencing_run_madagascar_tb_mdr_1_10344_read_66873_ch_385_strand.fast5	ffcd30fe-ca64-4dc6-a9af-387a7820a09e	13797ccf3e2df77597eb86d8e23088d7f34ba047	385	44366.71875	5.47625	4381	True	44366.832031	4293	5.36625	1918	10.927487	-0.001784	99.86145	10.776421000000001
minion2_PC_20180219_FAH55989_MN19166_sequencing_run_madagascar_tb_mdr_1_10344_read_46197_ch_279_strand.fast5	ffcced17-7c3d-488d-afad-51c515c9105f	13797ccf3e2df77597eb86d8e23088d7f34ba047	279	24374.664062	26.851	21480	True	24374.748047	21413	26.76725	10711	10.389958	-0.0014869999999999998	90.16268199999999	10.057983
minion2_PC_20180219_FAH55989_MN19166_sequencing_run_madagascar_tb_mdr_1_10344_read_216438_ch_476_strand.fast5	ffccc265-8c83-447b-97f6-6ff0de7c523c	13797ccf3e2df77597eb86d8e23088d7f34ba047	476	75566.476562	5.8755	4700	True	75566.585938	4615	5.76925	2250	8.647442999999999	-0.001923	110.45826000000001	11.494843
minion2_PC_20180219_FAH55989_MN19166_sequencing_run_madagascar_tb_mdr_1_10344_read_21864_ch_71_strand.fast5	ffcc8bb7-b0ce-4a19-bb80-6049362f5e7f	13797ccf3e2df77597eb86d8e23088d7f34ba047	71	12598.009766	4.2135	3370	True	12598.480469	2994	3.7435	1443	10.145303	-0.0019690000000000003	89.803467	10.417206
minion2_PC_20180219_FAH55989_MN19166_sequencing_run_madagascar_tb_mdr_1_10344_read_37827_ch_447_strand.fast5	ffcbf725-4042-4eba-ba5a-4b8c36c30422	13797ccf3e2df77597eb86d8e23088d7f34ba047	447	19764.619141	4.6135	3690	True	19764.695312	3630	4.5385	1876	9.165734	-0.001341	89.98307	10.237594999999999
minion2_PC_20180219_FAH55989_MN19166_sequencing_run_madagascar_tb_mdr_1_10344_read_47389_ch_263_strand.fast5	ffcb6e4f-c5d0-4896-9b93-c7d6d7201a94	13797ccf3e2df77597eb86d8e23088d7f34ba047	263	40935.804688	6.64225	5313	True	40935.933594	5210	6.5135	2163	9.342933	-0.001779	93.395607	9.87838
minion2_PC_20180219_FAH55989_MN19166_sequencing_run_madagascar_tb_mdr_1_10344_read_49505_ch_386_strand.fast5	ffcb6d92-3b19-41f0-ba6f-5f780d875636	13797ccf3e2df77597eb86d8e23088d7f34ba047	386	45310.617188	11.18275	8946	True	45310.789062	8809	11.0115	4619	9.884986999999999	-0.0016690000000000001	106.686516	11.674453999999999
minion2_PC_20180219_FAH55989_MN19166_sequencing_run_madagascar_tb_mdr_1_10344_read_97526_ch_129_strand.fast5	ffcb3ec7-d729-4ba3-bc6b-7f871a6f5ebb	13797ccf3e2df77597eb86d8e23088d7f34ba047	129	108901.484375	1.36875	1095	True	108901.484375	1095	1.36875	544	9.243555	-0.00264	124.108391	12.213264
minion2_PC_20180219_FAH55989_MN19166_sequencing_run_madagascar_tb_mdr_1_10344_read_1606_ch_482_strand.fast5	ffcb1848-165d-406a-9930-6955120e845e	13797ccf3e2df77597eb86d8e23088d7f34ba047	482	1240.1247560000002	3.073	2458	True	1240.2285160000001	2375	2.96925	1166	9.249031	-0.00243	87.28897099999999	10.596809
minion2_PC_20180219_FAH55989_MN19166_sequencing_run_madagascar_tb_mdr_1_10344_read_38114_ch_335_strand.fast5	ffcafed7-5ccf-4aeb-a054-bbc69c6a7c05	13797ccf3e2df77597eb86d8e23088d7f34ba047	335	35220.042969	4.65825	3726	True	35220.226562	3577	4.472	1598	11.261898	-0.001314	88.187004	10.417197999999999
minion2_PC_20180219_FAH55989_MN19166_sequencing_run_madagascar_tb_mdr_1_10344_read_15937_ch_418_strand.fast5	ffcadb56-51f2-4873-a03e-591c9436af00	13797ccf3e2df77597eb86d8e23088d7f34ba047	418	9651.72168	13.55375	10843	True	9651.923828	10682	13.3525	5354	10.189772999999999	-0.001801	89.264641	10.417197999999999
minion2_PC_20180219_FAH55989_MN19166_sequencing_run_madagascar_tb_mdr_1_10344_read_93952_ch_45_strand.fast5	ffca7231-19e1-4d04-a20e-763b576f7fec	13797ccf3e2df77597eb86d8e23088d7f34ba047	45	65979.578125	3.406	2724	True	65979.625	2683	3.35475	1324	10.872595	-0.0020510000000000003	93.21599599999999	11.135628
minion2_PC_20180219_FAH55989_MN19166_sequencing_run_madagascar_tb_mdr_1_10344_read_36359_ch_398_strand.fast5	ffca0add-d8f0-4757-84c3-e6522a14d2a7	13797ccf3e2df77597eb86d8e23088d7f34ba047	398	21328.914062	7.43	5944	False	21328.957031	5909	7.38625	507	2.966484	-0.0024530000000000003	81.002724	7.902702000000001
minion2_PC_20180219_FAH55989_MN19166_sequencing_run_madagascar_tb_mdr_1_10344_read_14591_ch_89_strand.fast5	ffc98905-0056-4226-a15c-288ad7467239	13797ccf3e2df77597eb86d8e23088d7f34ba047	89	8471.088867	10.97725	8781	True	8471.15918	8725	10.90725	4242	10.775038	-0.0020239999999999998	101.118698	10.237594999999999
minion2_PC_20180219_FAH55989_MN19166_sequencing_run_madagascar_tb_mdr_1_10344_read_36281_ch_48_strand.fast5	ffc94ea2-8321-495a-ac01-3aba94077857	13797ccf3e2df77597eb86d8e23088d7f34ba047	48	27685.353516000003	3.1635	2530	True	27685.386719	2504	3.131	1104	10.545691	-0.002079	81.002724	9.698775999999999
minion2_PC_20180219_FAH55989_MN19166_sequencing_run_madagascar_tb_mdr_1_10344_read_24715_ch_487_strand.fast5	ffc91094-574d-4122-971d-71e61c1ac8de	13797ccf3e2df77597eb86d8e23088d7f34ba047	487	31381.814452999995	14.54	11632	True	31382.0	11483	14.35375	5306	10.194625	-0.0015480000000000001	88.546219	10.596809
minion2_PC_20180219_FAH55989_MN19166_sequencing_run_madagascar_tb_mdr_1_10344_read_71535_ch_471_strand.fast5	ffc86254-0cc4-44f8-b604-d24c0d438cdb	13797ccf3e2df77597eb86d8e23088d7f34ba047	471	43626.292969	3.68625	2949	True	43626.386719	2872	3.59	1395	9.034855	-0.002098	97.346954	11.135628
minion2_PC_20180219_FAH55989_MN19166_sequencing_run_madagascar_tb_mdr_1_10344_read_39083_ch_359_strand.fast5	ffc81180-66e4-45fe-8f5a-8ff94f65ad71	13797ccf3e2df77597eb86d8e23088d7f34ba047	359	29749.285156	1.2565	1005	True	29749.306641000003	988	1.23525	485	11.442719	-0.0021100000000000003	88.725822	10.057991000000001
minion2_PC_20180219_FAH55989_MN19166_sequencing_run_madagascar_tb_mdr_1_10344_read_27347_ch_125_strand.fast5	ffc73cce-3a9c-4205-9915-8d28d8737851	13797ccf3e2df77597eb86d8e23088d7f34ba047	125	18158.943359	3.36375	2691	False	18159.068359	2591	3.23875	1150	6.946947	-0.002226	92.677177	9.87838
minion2_PC_20180219_FAH55989_MN19166_sequencing_run_madagascar_tb_mdr_1_10344_read_413808_ch_403_strand.fast5	ffc6ee85-d048-47e0-a45d-bdded39b5fbb	13797ccf3e2df77597eb86d8e23088d7f34ba047	403	137014.5	1.6885	1350	True	137014.5	1342	1.6785	764	9.857942999999999	-0.002414	132.549911	12.213272
minion2_PC_20180219_FAH55989_MN19166_sequencing_run_madagascar_tb_mdr_1_10344_read_103598_ch_61_strand.fast5	ffc6941b-fd8e-49c8-a1ea-35e9d2a62397	13797ccf3e2df77597eb86d8e23088d7f34ba047	61	55434.585938	9.38775	7510	False	55434.679688	7431	9.289	2038	3.3549279999999997	-0.002282	88.366608	8.980347
minion2_PC_20180219_FAH55989_MN19166_sequencing_run_madagascar_tb_mdr_1_10344_read_171680_ch_185_strand.fast5	ffc62ed6-f920-4c7d-a208-93f84f8e4c6b	13797ccf3e2df77597eb86d8e23088d7f34ba047	185	107018.789062	8.583	6866	False	107018.945312	6746	8.433	3311	6.587325	-0.001755	78.129013	9.339561
minion2_PC_20180219_FAH55989_MN19166_sequencing_run_madagascar_tb_mdr_1_10344_read_74434_ch_229_strand.fast5	ffc5768c-7adb-4826-b7a2-c9185d6556f3	13797ccf3e2df77597eb86d8e23088d7f34ba047	229	32538.884766000003	1.73175	1385	True	32538.939452999995	1341	1.67675	657	11.266318	-0.001415	85.492897	10.417197999999999
minion2_PC_20180219_FAH55989_MN19166_sequencing_run_madagascar_tb_mdr_1_10344_read_34_ch_268_strand.fast5	ffc4d469-7e8c-4e8a-b494-5f1fbf9670f5	13797ccf3e2df77597eb86d8e23088d7f34ba047	268	34.176497999999995	3.60275	2882	True	34.391498999999996	2710	3.38775	1399	8.560951	-0.0017329999999999997	92.138351	10.596802
minion2_PC_20180219_FAH55989_MN19166_sequencing_run_madagascar_tb_mdr_1_10344_read_547_ch_460_strand.fast5	ffc4a3ce-2c96-447d-98a5-977593bb7794	13797ccf3e2df77597eb86d8e23088d7f34ba047	460	434.286255	2.77875	2223	False	434.473755	2073	2.59125	1091	6.152492	-0.00224	93.21599599999999	9.87838
minion2_PC_20180219_FAH55989_MN19166_sequencing_run_madagascar_tb_mdr_1_10344_read_43548_ch_493_strand.fast5	ffc4206d-d7c3-4b20-a7a8-843738ac7261	13797ccf3e2df77597eb86d8e23088d7f34ba047	493	38593.46875	1.30575	1044	True	38593.6875	870	1.08825	507	11.491163	-0.001333	95.550888	10.237594999999999
minion2_PC_20180219_FAH55989_MN19166_sequencing_run_madagascar_tb_mdr_1_10344_read_17141_ch_82_strand.fast5	ffc3845f-0909-4455-86dd-23eac007ec73	13797ccf3e2df77597eb86d8e23088d7f34ba047	82	9309.487305	3.9885	3190	True	9309.511719	3170	3.9635	1363	8.916639	-0.0019320000000000001	98.604202	11.315239
minion2_PC_20180219_FAH55989_MN19166_sequencing_run_madagascar_tb_mdr_1_10344_read_15558_ch_133_strand.fast5	ffc2a2ec-0ad4-4d81-8cb2-eeec51cc9585	13797ccf3e2df77597eb86d8e23088d7f34ba047	133	8456.178711	4.752	3801	True	8456.178711	3801	4.752	1592	11.047636	-0.002321	89.803467	10.956024000000001
minion2_PC_20180219_FAH55989_MN19166_sequencing_run_madagascar_tb_mdr_1_10344_read_28902_ch_474_strand.fast5	ffc2a0ec-a2ae-49ba-91f6-711bebfc84a8	13797ccf3e2df77597eb86d8e23088d7f34ba047	474	14645.483397999998	10.2985	8238	True	14645.692383000001	8071	10.08975	3926	8.569996000000002	-0.001343	99.322632	11.135628
minion2_PC_20180219_FAH55989_MN19166_sequencing_run_madagascar_tb_mdr_1_10344_read_45177_ch_226_strand.fast5	ffc2517b-47d0-4d1c-a35e-6ea32124eaa3	13797ccf3e2df77597eb86d8e23088d7f34ba047	226	13155.814453	3.84	3072	True	13155.928711	2980	3.725	1490	11.829179	-0.0019329999999999998	88.546219	9.878387
minion2_PC_20180219_FAH55989_MN19166_sequencing_run_madagascar_tb_mdr_1_10344_read_101085_ch_144_strand.fast5	ffc1d4ea-1b3e-498b-b8e5-d2340d3775f5	13797ccf3e2df77597eb86d8e23088d7f34ba047	144	69768.203125	1.86725	1493	True	69768.28125	1432	1.791	730	10.931049	-0.001983	94.832458	11.315239
minion2_PC_20180219_FAH55989_MN19166_sequencing_run_madagascar_tb_mdr_1_10344_read_18102_ch_55_strand.fast5	ffc1bb36-e3c5-45d6-844a-ce5a31338596	13797ccf3e2df77597eb86d8e23088d7f34ba047	55	9498.757812	9.8975	7918	True	9498.828125	7862	9.8275	3834	10.773659	-0.001704	84.774467	9.87838
minion2_PC_20180219_FAH55989_MN19166_sequencing_run_madagascar_tb_mdr_1_10344_read_94438_ch_365_strand.fast5	ffc0e553-7652-42d5-964c-904fa6bf849b	13797ccf3e2df77597eb86d8e23088d7f34ba047	365	125879.25781199998	8.2895	6631	True	125879.27343800002	6622	8.27825	3655	7.575987	-0.001199	120.516251	12.033661
minion2_PC_20180219_FAH55989_MN19166_sequencing_run_madagascar_tb_mdr_1_10344_read_90382_ch_300_strand.fast5	ffc074cd-0b49-4ced-9aa2-700ea564ffcd	13797ccf3e2df77597eb86d8e23088d7f34ba047	300	51087.824219	22.324751000000003	17859	True	51087.976562	17735	22.16975	8892	8.529341	-0.0015970000000000001	95.012062	10.776421000000001
minion2_PC_20180219_FAH55989_MN19166_sequencing_run_madagascar_tb_mdr_1_10344_read_67410_ch_352_strand.fast5	ffc054b5-103c-40ee-9d1e-c19db6a40146	13797ccf3e2df77597eb86d8e23088d7f34ba047	352	40060.816406	2.175	1740	True	40060.898438	1671	2.08875	807	10.819374	-0.0020329999999999997	91.060715	10.417206
minion2_PC_20180219_FAH55989_MN19166_sequencing_run_madagascar_tb_mdr_1_10344_read_86858_ch_109_strand.fast5	ffc027d6-d87d-4640-bffd-e639d19f69c8	13797ccf3e2df77597eb86d8e23088d7f34ba047	109	54419.867188	3.32075	2656	True	54419.984375	2563	3.2045	1264	11.307311	-0.000897	92.677177	10.237594999999999
minion2_PC_20180219_FAH55989_MN19166_sequencing_run_madagascar_tb_mdr_1_10344_read_8458_ch_277_strand.fast5	ffbfe2fe-4cb3-42d3-b0ca-1915c5b4ad06	13797ccf3e2df77597eb86d8e23088d7f34ba047	277	5656.704102000001	1.82525	1460	True	5656.858886999999	1336	1.67025	714	9.561563	-0.002574	86.211327	10.057991000000001
minion2_PC_20180219_FAH55989_MN19166_sequencing_run_madagascar_tb_mdr_1_10344_read_94309_ch_471_strand.fast5	ffbeadd8-6824-4e18-8603-ab2c130525a9	13797ccf3e2df77597eb86d8e23088d7f34ba047	471	54555.77734400001	6.841	5472	True	54555.93359400001	5348	6.686	2440	10.868876	-0.0012900000000000001	97.346954	10.776413
minion2_PC_20180219_FAH55989_MN19166_sequencing_run_madagascar_tb_mdr_1_10344_read_106294_ch_202_strand.fast5	ffbdeb14-e7c3-4670-a4c9-735747779aac	13797ccf3e2df77597eb86d8e23088d7f34ba047	202	63918.125	1.31675	1053	True	63918.148438	1032	1.2905	446	7.900791000000001	-0.003536	104.17201999999999	10.956024000000001
minion2_PC_20180219_FAH55989_MN19166_sequencing_run_madagascar_tb_mdr_1_10344_read_49373_ch_287_strand.fast5	ffbdcd8c-e06c-497d-a173-96a76efe83ea	13797ccf3e2df77597eb86d8e23088d7f34ba047	287	40813.210938	8.2735	6618	True	40813.210938	6618	8.2735	2262	10.493363	-0.002038	87.468575	11.674453999999999
minion2_PC_20180219_FAH55989_MN19166_sequencing_run_madagascar_tb_mdr_1_10344_read_36733_ch_400_strand.fast5	ffbd3eab-bc73-4f58-aa39-607d9a088cef	13797ccf3e2df77597eb86d8e23088d7f34ba047	400	17774.916016	5.668	4534	True	17775.164062	4335	5.41925	2279	7.2008220000000005	-0.001696	92.497566	10.596809
minion2_PC_20180219_FAH55989_MN19166_sequencing_run_madagascar_tb_mdr_1_10344_read_52735_ch_109_strand.fast5	ffbcb358-9a2d-49e5-b113-d1385b258258	13797ccf3e2df77597eb86d8e23088d7f34ba047	109	35602.847656	5.575	4460	True	35602.863281	4449	5.56125	2414	7.109024000000001	-0.00118	85.672508	9.339561
minion2_PC_20180219_FAH55989_MN19166_sequencing_run_madagascar_tb_mdr_1_10344_read_110633_ch_375_strand.fast5	ffbc4dff-c98c-4284-beac-168d8f5f55ce	13797ccf3e2df77597eb86d8e23088d7f34ba047	375	65966.882812	3.6465	2917	True	65966.953125	2865	3.5815	1378	9.074574	-0.001527	89.623856	9.87838
minion2_PC_20180219_FAH55989_MN19166_sequencing_run_madagascar_tb_mdr_1_10344_read_104869_ch_286_strand.fast5	ffbc0fe8-239e-481c-a934-872580af8071	13797ccf3e2df77597eb86d8e23088d7f34ba047	286	51430.199219	3.56325	2850	True	51430.335938	2741	3.427	1422	9.735622	-0.0008699999999999999	97.167351	10.596809
minion2_PC_20180219_FAH55989_MN19166_sequencing_run_madagascar_tb_mdr_1_10344_read_32097_ch_137_strand.fast5	ffbbd26d-408f-4b0a-9a26-81432fbd5654	13797ccf3e2df77597eb86d8e23088d7f34ba047	137	60971.79296900001	7.6095	6087	True	60971.820312	6067	7.5845	3220	9.524017	-0.0018989999999999999	104.89045	11.315230999999999
minion2_PC_20180219_FAH55989_MN19166_sequencing_run_madagascar_tb_mdr_1_10344_read_87207_ch_120_strand.fast5	ffbad4ee-c9ec-42a7-8629-ce3bbd810dc9	13797ccf3e2df77597eb86d8e23088d7f34ba047	120	57951.70703099999	2.30875	1847	True	57951.70703099999	1847	2.30875	856	11.307388000000001	-0.001184	93.036392	11.494843
minion2_PC_20180219_FAH55989_MN19166_sequencing_run_madagascar_tb_mdr_1_10344_read_134189_ch_244_strand.fast5	ffbac2c5-d45d-4e19-9b1b-3fc16c49870d	13797ccf3e2df77597eb86d8e23088d7f34ba047	244	86545.078125	1.83875	1471	True	86545.242188	1345	1.68125	676	8.24651	-0.0032229999999999997	84.41526	10.057991000000001
minion2_PC_20180219_FAH55989_MN19166_sequencing_run_madagascar_tb_mdr_1_10344_read_11517_ch_399_strand.fast5	ffba8c90-162e-4009-95bb-4b8e1fd1aab7	13797ccf3e2df77597eb86d8e23088d7f34ba047	399	6641.072265999999	8.121	6496	False	6641.434082	6207	7.75975	2584	6.371924	-0.001993	85.492897	10.237594999999999
minion2_PC_20180219_FAH55989_MN19166_sequencing_run_madagascar_tb_mdr_1_10344_read_23447_ch_117_strand.fast5	ffb9b911-dd52-439f-ae8b-71dab06f8042	13797ccf3e2df77597eb86d8e23088d7f34ba047	117	14538.675781	5.072	4057	True	14538.675781	4057	5.072	2089	7.300038000000001	-0.002065	88.905434	9.698769
minion2_PC_20180219_FAH55989_MN19166_sequencing_run_madagascar_tb_mdr_1_10344_read_87825_ch_100_strand.fast5	ffb931db-0a04-47c6-a163-9ece9115f284	13797ccf3e2df77597eb86d8e23088d7f34ba047	100	85300.679688	7.0885	5670	True	85300.726562	5629	7.03725	2829	9.304737	-0.001377	94.832458	10.057991000000001
minion2_PC_20180219_FAH55989_MN19166_sequencing_run_madagascar_tb_mdr_1_10344_read_62300_ch_32_strand.fast5	ffb8d02c-4ec1-4095-b61a-3069ecc3425d	13797ccf3e2df77597eb86d8e23088d7f34ba047	32	40623.550781	11.72475	9379	True	40623.875	9122	11.4035	4378	10.114296000000001	-0.00161	98.065384	10.596809
minion2_PC_20180219_FAH55989_MN19166_sequencing_run_madagascar_tb_mdr_1_10344_read_8556_ch_446_strand.fast5	ffb894e8-cae6-4cce-b395-59b87278be91	13797ccf3e2df77597eb86d8e23088d7f34ba047	446	3402.883301	2.832	2265	True	3403.8332520000004	1505	1.882	722	8.485455	-0.0017059999999999998	84.325455	10.3274
minion2_PC_20180219_FAH55989_MN19166_sequencing_run_madagascar_tb_mdr_1_10344_read_76733_ch_392_strand.fast5	ffb8221f-bf46-4f5e-a387-b60004db23ab	13797ccf3e2df77597eb86d8e23088d7f34ba047	392	51585.546875	7.0095	5607	True	51585.628906	5543	6.9295	2473	11.511047	-0.001685	92.677177	10.776421000000001
minion2_PC_20180219_FAH55989_MN19166_sequencing_run_madagascar_tb_mdr_1_10344_read_110578_ch_161_strand.fast5	ffb80fbb-77f4-4dd9-bd2f-8f7c2360d32c	13797ccf3e2df77597eb86d8e23088d7f34ba047	161	78989.84375	1.60825	1286	True	78989.921875	1225	1.532	564	9.879352	-0.002239	99.322632	10.956024000000001
minion2_PC_20180219_FAH55989_MN19166_sequencing_run_madagascar_tb_mdr_1_10344_read_38480_ch_425_strand.fast5	ffb7a339-a308-462a-9540-84253908eaad	13797ccf3e2df77597eb86d8e23088d7f34ba047	425	22882.884766	5.42675	4341	True	22882.988281	4257	5.32175	2158	7.718416	-0.00176	95.910103	10.776421000000001
minion2_PC_20180219_FAH55989_MN19166_sequencing_run_madagascar_tb_mdr_1_10344_read_32847_ch_177_strand.fast5	ffb66577-9742-4e2b-b4bd-dce4071736c0	13797ccf3e2df77597eb86d8e23088d7f34ba047	177	19224.925781	1.69775	1358	True	19225.039062	1266	1.58275	581	10.697701	-0.002884	90.342285	11.135628
minion2_PC_20180219_FAH55989_MN19166_sequencing_run_madagascar_tb_mdr_1_10344_read_70477_ch_201_strand.fast5	ffb6591c-aaee-4152-ad30-73e0b07769f6	13797ccf3e2df77597eb86d8e23088d7f34ba047	201	46063.921875	2.5795	2063	True	46063.972656	2019	2.5245	946	8.791519000000001	-0.001974	104.531235	11.315239
minion2_PC_20180219_FAH55989_MN19166_sequencing_run_madagascar_tb_mdr_1_10344_read_1246_ch_354_strand.fast5	ffb61b70-daf1-4c18-925e-467aa4f71be7	13797ccf3e2df77597eb86d8e23088d7f34ba047	354	932.874756	1.58325	1266	True	932.926025	1225	1.532	658	11.588197000000001	-0.002813	85.672508	9.878387
minion2_PC_20180219_FAH55989_MN19166_sequencing_run_madagascar_tb_mdr_1_10344_read_90370_ch_396_strand.fast5	ffb5a94a-b85a-490c-a2b9-14e19630b7c4	13797ccf3e2df77597eb86d8e23088d7f34ba047	396	62361.609375	4.34475	3475	True	62361.65625	3437	4.29725	1792	11.062392	-0.0014759999999999999	96.269318	11.315230999999999
minion2_PC_20180219_FAH55989_MN19166_sequencing_run_madagascar_tb_mdr_1_10344_read_77549_ch_321_strand.fast5	ffb59581-d959-46d5-a11a-500cb9226671	13797ccf3e2df77597eb86d8e23088d7f34ba047	321	53644.351562	7.421	5936	True	53644.414062	5884	7.356	3216	9.454455000000001	-0.001698	105.070053	10.596809
minion2_PC_20180219_FAH55989_MN19166_sequencing_run_madagascar_tb_mdr_1_10344_read_21728_ch_27_strand.fast5	ffb56fff-3c01-48e9-9df1-95c1e411bca5	13797ccf3e2df77597eb86d8e23088d7f34ba047	27	13033.276367	9.26425	7411	True	13033.341797	7358	9.198	3936	8.495355	-0.0015539999999999998	93.21599599999999	10.596809
minion2_PC_20180219_FAH55989_MN19166_sequencing_run_madagascar_tb_mdr_1_10344_read_11460_ch_202_strand.fast5	ffb53edb-ac56-40c2-acd2-c5cc84c080f7	13797ccf3e2df77597eb86d8e23088d7f34ba047	202	8275.945312	1.81	1448	True	8276.036133	1375	1.71875	742	7.712555	-0.002454	95.371277	10.417206
minion2_PC_20180219_FAH55989_MN19166_sequencing_run_madagascar_tb_mdr_1_10344_read_45346_ch_488_strand.fast5	ffb4ef92-533e-4f51-ab78-d263d6dd495c	13797ccf3e2df77597eb86d8e23088d7f34ba047	488	25841.072266	4.2335	3386	True	25841.220703	3267	4.08475	1701	10.435789	-0.002026	87.10936	10.776421000000001
minion2_PC_20180219_FAH55989_MN19166_sequencing_run_madagascar_tb_mdr_1_10344_read_53923_ch_105_strand.fast5	ffb47b7d-af78-4640-bcbb-0a0457538757	13797ccf3e2df77597eb86d8e23088d7f34ba047	105	44870.835938	2.17525	1740	True	44870.894531	1693	2.1165	934	8.732984	-0.001504	100.57988	11.315239
minion2_PC_20180219_FAH55989_MN19166_sequencing_run_madagascar_tb_mdr_1_10344_read_6695_ch_414_strand.fast5	ffb41cf1-4ccb-44d9-a1e7-a91866b3e8c0	13797ccf3e2df77597eb86d8e23088d7f34ba047	414	4103.170897999999	4.38925	3511	True	4103.260742	3439	4.29925	1636	10.894442999999999	-0.001616	86.570541	10.237594999999999
minion2_PC_20180219_FAH55989_MN19166_sequencing_run_madagascar_tb_mdr_1_10344_read_129668_ch_344_strand.fast5	ffb3c20f-3ce1-4903-9ae6-f8330707753e	13797ccf3e2df77597eb86d8e23088d7f34ba047	344	74390.375	2.6345	2107	False	74390.398438	2088	2.61075	861	4.957633	-0.002451	61.245964	8.441528
minion2_PC_20180219_FAH55989_MN19166_sequencing_run_madagascar_tb_mdr_1_10344_read_11988_ch_222_strand.fast5	ffb3349b-7f7f-4444-bb69-2c0ba28cb622	13797ccf3e2df77597eb86d8e23088d7f34ba047	222	6945.223633	4.24475	3395	True	6945.40332	3251	4.06475	1611	10.720452	-0.0016469999999999998	86.211327	10.057991000000001
minion2_PC_20180219_FAH55989_MN19166_sequencing_run_madagascar_tb_mdr_1_10344_read_159829_ch_128_strand.fast5	ffb27ffe-cc42-4a34-8c0a-fa642fb1cba0	13797ccf3e2df77597eb86d8e23088d7f34ba047	128	136876.578125	3.91975	3135	False	136876.609375	3118	3.8985	1335	6.761211	-0.0023309999999999997	78.57803299999999	8.710938
minion2_PC_20180219_FAH55989_MN19166_sequencing_run_madagascar_tb_mdr_1_10344_read_48338_ch_456_strand.fast5	ffb27d64-0372-4581-a798-72e13e4ac1b2	13797ccf3e2df77597eb86d8e23088d7f34ba047	456	46552.867188	3.91775	3134	True	46553.0625	2980	3.72525	1377	9.919605	-0.001679	93.754814	9.698769
minion2_PC_20180219_FAH55989_MN19166_sequencing_run_madagascar_tb_mdr_1_10344_read_20103_ch_128_strand.fast5	ffb24247-e65f-4093-a249-32cfb7c21de2	13797ccf3e2df77597eb86d8e23088d7f34ba047	128	11828.755859	2.95625	2365	True	11828.80957	2322	2.9025	1102	7.676209	-0.002278	88.725822	10.237594999999999
minion2_PC_20180219_FAH55989_MN19166_sequencing_run_madagascar_tb_mdr_1_10344_read_50846_ch_194_strand.fast5	ffb1f8cc-358a-4e7b-bc99-a081184b69cb	13797ccf3e2df77597eb86d8e23088d7f34ba047	194	29742.371094	6.96625	5573	True	29742.443358999997	5515	6.89375	2927	10.929893	-0.001551	96.98774	11.315239
minion2_PC_20180219_FAH55989_MN19166_sequencing_run_madagascar_tb_mdr_1_10344_read_61812_ch_136_strand.fast5	ffb18965-9cb9-4ed1-868a-1135a37cad2b	13797ccf3e2df77597eb86d8e23088d7f34ba047	136	38936.847656	19.522249	15617	True	38937.019531	15481	19.352249	7094	11.260753999999999	-0.00185	93.754814	10.596809
minion2_PC_20180219_FAH55989_MN19166_sequencing_run_madagascar_tb_mdr_1_10344_read_6455_ch_193_strand.fast5	ffb0f8bb-69a5-4217-aa5f-d9e79fb39147	13797ccf3e2df77597eb86d8e23088d7f34ba047	193	3790.9013670000004	4.8285	3862	True	3791.0036619999996	3780	4.726	2105	9.960446000000001	-0.001277	90.16268199999999	10.237594999999999
minion2_PC_20180219_FAH55989_MN19166_sequencing_run_madagascar_tb_mdr_1_10344_read_250383_ch_106_strand.fast5	ffb09af5-df69-487d-aa64-e321fe6c693e	13797ccf3e2df77597eb86d8e23088d7f34ba047	106	97964.320312	2.4315	1945	False	97964.4375	1854	2.31775	777	6.23987	-0.001755	82.25997199999999	9.698775999999999
minion2_PC_20180219_FAH55989_MN19166_sequencing_run_madagascar_tb_mdr_1_10344_read_80806_ch_501_strand.fast5	ffafafa8-8b90-4ffb-80ec-1e92fcc46bde	13797ccf3e2df77597eb86d8e23088d7f34ba047	501	46072.804688	10.7525	8602	True	46072.921875	8509	10.63625	3970	10.46877	-0.001585	91.958748	10.417197999999999
minion2_PC_20180219_FAH55989_MN19166_sequencing_run_madagascar_tb_mdr_1_10344_read_33990_ch_58_strand.fast5	ffaf12a2-98b1-4ee8-ada0-7fad251c41d9	13797ccf3e2df77597eb86d8e23088d7f34ba047	58	31550.716797000005	1.57675	1261	True	31550.851562	1152	1.4405	524	11.00826	-0.001458	90.521889	9.698769
minion2_PC_20180219_FAH55989_MN19166_sequencing_run_madagascar_tb_mdr_1_10344_read_132312_ch_242_strand.fast5	ffaeec58-57c8-4041-bf43-c1b8131a7f55	13797ccf3e2df77597eb86d8e23088d7f34ba047	242	115521.24218800002	4.25925	3407	True	115521.265625	3388	4.2355	1580	8.106997999999999	-0.001923	97.346954	11.494843
minion2_PC_20180219_FAH55989_MN19166_sequencing_run_madagascar_tb_mdr_1_10344_read_28680_ch_173_strand.fast5	ffaecb8b-c483-452a-bca6-58c520e76e5c	13797ccf3e2df77597eb86d8e23088d7f34ba047	173	16590.724609	31.768499	25414	True	16590.767578	25379	31.724751	12654	9.925734	-0.001384	89.444252	10.596809
minion2_PC_20180219_FAH55989_MN19166_sequencing_run_madagascar_tb_mdr_1_10344_read_56477_ch_300_strand.fast5	ffae4062-29f8-465a-8891-2931c5c8c490	13797ccf3e2df77597eb86d8e23088d7f34ba047	300	34955.949219	3.52675	2821	True	34956.230469	2593	3.24175	1268	8.084311999999999	-0.0019510000000000003	90.88110400000001	10.417206
minion2_PC_20180219_FAH55989_MN19166_sequencing_run_madagascar_tb_mdr_1_10344_read_41408_ch_4_strand.fast5	ffae1324-7acc-4fc1-97a9-310e2817f5bb	13797ccf3e2df77597eb86d8e23088d7f34ba047	4	27100.160156	2.58125	2065	True	27100.259766000003	1984	2.48	1114	9.241964	-0.0017640000000000002	91.41993000000001	10.057991000000001
minion2_PC_20180219_FAH55989_MN19166_sequencing_run_madagascar_tb_mdr_1_10344_read_32620_ch_51_strand.fast5	ffad7899-7fa8-4b76-b2a6-2815d4a4e2c5	13797ccf3e2df77597eb86d8e23088d7f34ba047	51	29170.011719	3.6265	2901	True	29170.072266000003	2854	3.56775	1326	11.017254	-0.002032	89.444252	10.596809
minion2_PC_20180219_FAH55989_MN19166_sequencing_run_madagascar_tb_mdr_1_10344_read_749_ch_495_strand.fast5	ffad346d-9414-4414-a148-c1ff91bf08b0	13797ccf3e2df77597eb86d8e23088d7f34ba047	495	543.362	2.122	1697	False	543.742004	1393	1.742	646	6.001576	-0.002857	84.594864	10.237594999999999
minion2_PC_20180219_FAH55989_MN19166_sequencing_run_madagascar_tb_mdr_1_10344_read_109204_ch_65_strand.fast5	ffac7055-8eea-4361-bc1d-ba9f30b7df51	13797ccf3e2df77597eb86d8e23088d7f34ba047	65	71518.3125	13.23	10584	False	71518.492188	10439	13.04875	3669	4.417324	-0.002055	119.61821699999999	11.135635
