filename	read_id	run_id	channel	start_time	duration	num_events	passes_filtering	template_start	num_events_template	template_duration	sequence_length_template	mean_qscore_template	strand_score_template	median_template	mad_template
minion2_PC_20180219_FAH55989_MN19166_sequencing_run_madagascar_tb_mdr_1_10344_read_73341_ch_456_strand.fast5	ffff1417-7838-4f8c-a58a-706337bc8bb7	13797ccf3e2df77597eb86d8e23088d7f34ba047	456	121485.640625	2.55625	2045	True	121486.27343800002	1545	1.93125	713	8.062928999999999	-0.0021579999999999998	75.075699	8.261917
minion2_PC_20180219_FAH55989_MN19166_sequencing_run_madagascar_tb_mdr_1_10344_read_108290_ch_371_strand.fast5	fffeaf45-ca92-469d-9820-106f948bd911	13797ccf3e2df77597eb86d8e23088d7f34ba047	371	70627.890625	4.87575	3900	True	70628.0	3811	4.7645	2055	8.650802	-0.002339	96.448921	10.417206
minion2_PC_20180219_FAH55989_MN19166_sequencing_run_madagascar_tb_mdr_1_10344_read_53552_ch_88_strand.fast5	fffe47f6-4574-44fe-ab47-51e488a8328c	13797ccf3e2df77597eb86d8e23088d7f34ba047	88	38548.925781	1.80375	1443	True	38549.355469	1099	1.37375	613	8.607778999999999	-0.002306	97.167351	9.519173
minion2_PC_20180219_FAH55989_MN19166_sequencing_run_madagascar_tb_mdr_1_10344_read_18857_ch_422_strand.fast5	fffe274a-d87a-416c-9806-beb281344dad	13797ccf3e2df77597eb86d8e23088d7f34ba047	422	9673.052734	1.44075	1152	True	9673.255859	990	1.23825	516	10.611977	-0.001382	88.905434	9.878387
minion2_PC_20180219_FAH55989_MN19166_sequencing_run_madagascar_tb_mdr_1_10344_read_19661_ch_230_strand.fast5	fffdfc03-c45a-4e56-8bc0-ba750e5cad39	13797ccf3e2df77597eb86d8e23088d7f34ba047	230	11100.129883	1.681	1344	True	11100.193359	1293	1.61725	537	10.693549	-0.0018920000000000002	90.521889	10.776421000000001
minion2_PC_20180219_FAH55989_MN19166_sequencing_run_madagascar_tb_mdr_1_10344_read_15663_ch_146_strand.fast5	fffdb871-eec2-4b81-8894-2083b15b4e00	13797ccf3e2df77597eb86d8e23088d7f34ba047	146	10166.539062	3.86625	3093	False	10166.558594	3077	3.84625	1400	6.686412	-0.002758	89.444252	10.417197999999999
minion2_PC_20180219_FAH55989_MN19166_sequencing_run_madagascar_tb_mdr_1_10344_read_27638_ch_372_strand.fast5	fffd6db3-408b-41aa-a569-06aa68e817e8	13797ccf3e2df77597eb86d8e23088d7f34ba047	372	16228.374022999998	3.941	3152	False	16228.402344	3130	3.9135	1169	4.34336	-0.0018030000000000001	92.497566	9.87838
minion2_PC_20180219_FAH55989_MN19166_sequencing_run_madagascar_tb_mdr_1_10344_read_132734_ch_99_strand.fast5	fffd6a22-c148-4aeb-9ee5-ef385cc629de	13797ccf3e2df77597eb86d8e23088d7f34ba047	99	93895.171875	3.14175	2513	True	93895.1875	2498	3.123	1281	7.035002	-0.0023420000000000003	82.25997199999999	8.980347
minion2_PC_20180219_FAH55989_MN19166_sequencing_run_madagascar_tb_mdr_1_10344_read_50914_ch_183_strand.fast5	fffcb714-8053-4ab5-8820-c65b53ebae47	13797ccf3e2df77597eb86d8e23088d7f34ba047	183	34498.542969	2.69125	2153	True	34498.605469	2106	2.6325	1056	11.206059	-0.00183	86.480736	10.686615
minion2_PC_20180219_FAH55989_MN19166_sequencing_run_madagascar_tb_mdr_1_10344_read_64777_ch_158_strand.fast5	fffc97b9-8fbc-43e9-8fde-28e0b3bcc972	13797ccf3e2df77597eb86d8e23088d7f34ba047	158	40930.246094	2.17075	1736	True	40930.550781	1494	1.86825	744	11.934393	-0.0011359999999999999	86.570541	10.417206
minion2_PC_20180219_FAH55989_MN19166_sequencing_run_madagascar_tb_mdr_1_10344_read_158508_ch_184_strand.fast5	fffc977d-a0ce-46c6-8108-ef71e87d0581	13797ccf3e2df77597eb86d8e23088d7f34ba047	184	124581.609375	1.7605	1408	False	124581.671875	1356	1.6955	750	5.987919000000001	-0.002483	82.978401	8.890545
minion2_PC_20180219_FAH55989_MN19166_sequencing_run_madagascar_tb_mdr_1_10344_read_66738_ch_443_strand.fast5	fffc728a-cf9a-460c-9ef4-4beb064326c6	13797ccf3e2df77597eb86d8e23088d7f34ba047	443	52737.34375	1.6225	1298	True	52737.710938	1004	1.255	598	10.399747999999999	-0.002623	99.143028	9.15995
minion2_PC_20180219_FAH55989_MN19166_sequencing_run_madagascar_tb_mdr_1_10344_read_125858_ch_33_strand.fast5	fffb60cf-bbc3-4fe8-8d29-de06aeeaa8f8	13797ccf3e2df77597eb86d8e23088d7f34ba047	33	115546.05468800002	1.62675	1301	True	115546.27343800002	1128	1.4105	539	7.797578999999999	-0.0031079999999999997	88.546219	10.237594999999999
minion2_PC_20180219_FAH55989_MN19166_sequencing_run_madagascar_tb_mdr_1_10344_read_8121_ch_11_strand.fast5	fffb3f42-5157-466f-a241-dd5963d1915f	13797ccf3e2df77597eb86d8e23088d7f34ba047	11	5156.907227000001	2.65125	2121	True	5157.249022999999	1847	2.30875	945	9.303699	-0.000811	89.98307	10.417206
minion2_PC_20180219_FAH55989_MN19166_sequencing_run_madagascar_tb_mdr_1_10344_read_95426_ch_353_strand.fast5	fffad4ce-924c-4f8f-9a2d-59cecc983433	13797ccf3e2df77597eb86d8e23088d7f34ba047	353	68587.492188	1.56475	1251	True	68587.515625	1235	1.54475	665	9.2033	-0.001444	98.783813	11.135628
minion2_PC_20180219_FAH55989_MN19166_sequencing_run_madagascar_tb_mdr_1_10344_read_167403_ch_185_strand.fast5	fffa9733-4f38-4570-bcc4-d60bbb425489	13797ccf3e2df77597eb86d8e23088d7f34ba047	185	104337.898438	2.77925	2223	True	104337.953125	2178	2.723	1023	10.348533	-0.0027010000000000003	81.54155	8.800735000000001
minion2_PC_20180219_FAH55989_MN19166_sequencing_run_madagascar_tb_mdr_1_10344_read_61299_ch_157_strand.fast5	fffa063c-62dc-4442-81eb-691371bb015b	13797ccf3e2df77597eb86d8e23088d7f34ba047	157	64483.460938	4.287	3429	True	64483.578125	3331	4.1645	1169	9.255911	-0.001335	94.652855	9.698769
minion2_PC_20180219_FAH55989_MN19166_sequencing_run_madagascar_tb_mdr_1_10344_read_139665_ch_347_strand.fast5	fff9ce0b-c086-4b65-83be-3edeae7f526b	13797ccf3e2df77597eb86d8e23088d7f34ba047	347	117876.74218800002	3.588	2870	True	117876.765625	2850	3.563	1540	7.748850999999999	-0.001582	125.36563899999999	11.135628
minion2_PC_20180219_FAH55989_MN19166_sequencing_run_madagascar_tb_mdr_1_10344_read_42572_ch_85_strand.fast5	fff99792-c2ca-4411-a4a7-3bdc1e98fd0e	13797ccf3e2df77597eb86d8e23088d7f34ba047	85	27615.580077999995	1.132	905	True	27615.648438	852	1.06575	449	9.535929	-0.001007	87.827789	10.417197999999999
minion2_PC_20180219_FAH55989_MN19166_sequencing_run_madagascar_tb_mdr_1_10344_read_40378_ch_306_strand.fast5	fff90aaf-c491-4e60-bf4a-19a89b0daab7	13797ccf3e2df77597eb86d8e23088d7f34ba047	306	23036.648438	1.4005	1120	True	23036.753906	1034	1.293	570	11.075933000000001	-0.002444	93.21599599999999	10.417197999999999
minion2_PC_20180219_FAH55989_MN19166_sequencing_run_madagascar_tb_mdr_1_10344_read_137588_ch_495_strand.fast5	fff8f1f5-0208-4eef-9350-2c0f22d80ba5	13797ccf3e2df77597eb86d8e23088d7f34ba047	495	81942.015625	4.24275	3394	True	81942.054688	3356	4.19525	1751	9.278119	-0.0020570000000000002	90.88110400000001	9.878387
minion2_PC_20180219_FAH55989_MN19166_sequencing_run_madagascar_tb_mdr_1_10344_read_115944_ch_57_strand.fast5	fff8e157-2b90-44bf-bc6c-d1b943baf23f	13797ccf3e2df77597eb86d8e23088d7f34ba047	57	152514.484375	1.33425	1067	True	152514.5	1054	1.318	527	7.923161	-0.0032700000000000003	98.424599	10.417206
minion2_PC_20180219_FAH55989_MN19166_sequencing_run_madagascar_tb_mdr_1_10344_read_66235_ch_488_strand.fast5	fff889d3-f830-4d23-b3c3-7bfb40ec2ad8	13797ccf3e2df77597eb86d8e23088d7f34ba047	488	39575.910156	3.4115	2729	True	39576.316406	2407	3.009	1102	11.435023	-0.0016820000000000001	92.85678100000001	10.596809
minion2_PC_20180219_FAH55989_MN19166_sequencing_run_madagascar_tb_mdr_1_10344_read_20320_ch_498_strand.fast5	fff87912-f85a-4a48-a5b5-cb08e404205e	13797ccf3e2df77597eb86d8e23088d7f34ba047	498	11780.75	2.12525	1700	True	11780.883789	1593	1.9915	774	10.824356	-0.001749	88.905434	10.417206
minion2_PC_20180219_FAH55989_MN19166_sequencing_run_madagascar_tb_mdr_1_10344_read_11696_ch_112_strand.fast5	fff856aa-5c70-498e-8e65-3944367748ef	13797ccf3e2df77597eb86d8e23088d7f34ba047	112	7296.231445	1.87675	1501	True	7296.297852	1448	1.8105	708	7.3957	-0.002141	87.10936	10.057991000000001
minion2_PC_20180219_FAH55989_MN19166_sequencing_run_madagascar_tb_mdr_1_10344_read_66271_ch_240_strand.fast5	fff824f6-5b0d-4727-9634-d24fd8ea83e7	13797ccf3e2df77597eb86d8e23088d7f34ba047	240	45187.550781	2.52275	2018	True	45187.617188	1969	2.4615	955	9.206766	-0.001875	94.832458	10.956024000000001
minion2_PC_20180219_FAH55989_MN19166_sequencing_run_madagascar_tb_mdr_1_10344_read_19496_ch_173_strand.fast5	fff73e91-d1a2-4f96-845c-f40f1850ca7a	13797ccf3e2df77597eb86d8e23088d7f34ba047	173	11798.416016	4.27525	3420	True	11798.508789	3346	4.18275	1800	10.11843	-0.002018	87.28897099999999	10.596809
minion2_PC_20180219_FAH55989_MN19166_sequencing_run_madagascar_tb_mdr_1_10344_read_25904_ch_280_strand.fast5	fff73273-1bee-434f-935d-fd3493ec271d	13797ccf3e2df77597eb86d8e23088d7f34ba047	280	15098.822266	7.332	5865	True	15098.977538999998	5741	7.177	2814	9.919353	-0.001789	91.240318	10.596809
minion2_PC_20180219_FAH55989_MN19166_sequencing_run_madagascar_tb_mdr_1_10344_read_69578_ch_60_strand.fast5	fff729ac-de23-4dae-8845-ed62524330e6	13797ccf3e2df77597eb86d8e23088d7f34ba047	60	62140.273438	1.861	1488	True	62140.34375	1432	1.791	621	11.061425999999999	-0.002322	89.98307	11.315239
minion2_PC_20180219_FAH55989_MN19166_sequencing_run_madagascar_tb_mdr_1_10344_read_61720_ch_460_strand.fast5	fff71149-ff1d-4fb9-81a5-a45cb6dd1e3b	13797ccf3e2df77597eb86d8e23088d7f34ba047	460	44677.382812	6.22275	4978	True	44677.46875	4913	6.1415	2252	9.544655	-0.002241	102.375946	10.956024000000001
minion2_PC_20180219_FAH55989_MN19166_sequencing_run_madagascar_tb_mdr_1_10344_read_67884_ch_22_strand.fast5	fff6cada-a497-4994-8a73-d85c67b005ed	13797ccf3e2df77597eb86d8e23088d7f34ba047	22	54915.05859400001	1.07225	857	False	54915.09765599999	827	1.03475	365	6.3080680000000005	-0.0017879999999999999	92.677177	9.87838
minion2_PC_20180219_FAH55989_MN19166_sequencing_run_madagascar_tb_mdr_1_10344_read_41837_ch_494_strand.fast5	fff6b3dd-03bb-499a-8950-4a0e07b32a09	13797ccf3e2df77597eb86d8e23088d7f34ba047	494	33222.265625	3.27475	2619	True	33222.390625	2517	3.14725	1100	13.195588	-0.0018100000000000002	80.46390500000001	11.135628
minion2_PC_20180219_FAH55989_MN19166_sequencing_run_madagascar_tb_mdr_1_10344_read_140_ch_95_strand.fast5	fff6a4a7-bc12-48ef-9494-7faf7a4ba20d	13797ccf3e2df77597eb86d8e23088d7f34ba047	95	130.608505	2.1355	1708	True	130.67349199999998	1656	2.0705	712	9.742071000000001	-0.001629	92.138351	10.237594999999999
minion2_PC_20180219_FAH55989_MN19166_sequencing_run_madagascar_tb_mdr_1_10344_read_48240_ch_117_strand.fast5	fff5da2f-aa40-430c-94f5-08f20f7f35b5	13797ccf3e2df77597eb86d8e23088d7f34ba047	117	26872.972656	2.08825	1670	True	26873.150391000003	1527	1.9095	764	9.846295	-0.0022719999999999997	92.138351	10.057983
minion2_PC_20180219_FAH55989_MN19166_sequencing_run_madagascar_tb_mdr_1_10344_read_174579_ch_254_strand.fast5	fff58726-7500-4441-89b9-c9dfa493e993	13797ccf3e2df77597eb86d8e23088d7f34ba047	254	95832.671875	2.08475	1667	False	95832.796875	1560	1.951	688	6.698293	-0.001396	79.745476	9.519165
minion2_PC_20180219_FAH55989_MN19166_sequencing_run_madagascar_tb_mdr_1_10344_read_46336_ch_381_strand.fast5	fff5720c-c05e-4592-a942-b2b221a32191	13797ccf3e2df77597eb86d8e23088d7f34ba047	381	28059.800781	3.347	2677	True	28059.927733999997	2574	3.21825	1296	10.974637	-0.001359	88.187004	10.596809
minion2_PC_20180219_FAH55989_MN19166_sequencing_run_madagascar_tb_mdr_1_10344_read_155151_ch_96_strand.fast5	fff4856f-dbff-49a2-8c4d-021c446a9b22	13797ccf3e2df77597eb86d8e23088d7f34ba047	96	102184.757812	1.173	938	True	102184.773438	928	1.1605	538	8.435306	-0.0019440000000000002	102.375946	10.956017
minion2_PC_20180219_FAH55989_MN19166_sequencing_run_madagascar_tb_mdr_1_10344_read_33701_ch_295_strand.fast5	fff44993-6cff-4076-9e61-1a2d6fb230ab	13797ccf3e2df77597eb86d8e23088d7f34ba047	295	29877.332031	2.33425	1867	True	29877.400391000003	1813	2.26675	850	10.309372	-0.00122	87.827789	10.237594999999999
minion2_PC_20180219_FAH55989_MN19166_sequencing_run_madagascar_tb_mdr_1_10344_read_65592_ch_367_strand.fast5	fff32c54-88e4-4c8f-99ca-985b6cddff7c	13797ccf3e2df77597eb86d8e23088d7f34ba047	367	58478.11328099999	4.78275	3826	True	58478.242188	3722	4.65275	1908	11.05993	-0.0017289999999999999	92.497566	10.956017
minion2_PC_20180219_FAH55989_MN19166_sequencing_run_madagascar_tb_mdr_1_10344_read_25179_ch_37_strand.fast5	fff2d8d1-81fd-4ac9-953a-620008329ce6	13797ccf3e2df77597eb86d8e23088d7f34ba047	37	2969.4614260000003	3.705	2964	True	2969.506592	2928	3.66	1510	9.725288	-0.0019	86.031715	10.237594999999999
minion2_PC_20180219_FAH55989_MN19166_sequencing_run_madagascar_tb_mdr_1_10344_read_22350_ch_43_strand.fast5	fff2a8da-9aa7-48ce-ae31-960ba1033308	13797ccf3e2df77597eb86d8e23088d7f34ba047	43	12708.436523	5.42175	4337	True	12708.496094	4290	5.363	1753	8.555356	-0.001147	86.39093000000001	10.776413
minion2_PC_20180219_FAH55989_MN19166_sequencing_run_madagascar_tb_mdr_1_10344_read_2596_ch_16_strand.fast5	fff29f26-12ad-4837-8224-89bfcf1106dc	13797ccf3e2df77597eb86d8e23088d7f34ba047	16	1857.914795	6.68275	5346	True	1858.0797120000002	5214	6.51775	2616	10.744613000000001	-0.001772	83.696831	10.417197999999999
minion2_PC_20180219_FAH55989_MN19166_sequencing_run_madagascar_tb_mdr_1_10344_read_17047_ch_28_strand.fast5	fff25b7e-828d-47f1-8d34-86290f772062	13797ccf3e2df77597eb86d8e23088d7f34ba047	28	11744.307617	3.15475	2523	True	11744.375	2470	3.0885	1173	11.050903	-0.00218	91.240318	10.057991000000001
minion2_PC_20180219_FAH55989_MN19166_sequencing_run_madagascar_tb_mdr_1_10344_read_71649_ch_193_strand.fast5	fff21f71-d4bb-4d72-bf1f-4bf88a2e1b00	13797ccf3e2df77597eb86d8e23088d7f34ba047	193	48576.292969	2.5275	2022	False	48576.542969	1820	2.275	885	6.471332	-0.002693	90.88110400000001	10.596809
minion2_PC_20180219_FAH55989_MN19166_sequencing_run_madagascar_tb_mdr_1_10344_read_173859_ch_180_strand.fast5	fff1a728-4024-4a62-aa32-bc81de9bba7a	13797ccf3e2df77597eb86d8e23088d7f34ba047	180	120230.25	1.40075	1120	True	120230.30468800002	1078	1.34825	525	11.692296	-0.0036490000000000003	92.677177	10.956024000000001
minion2_PC_20180219_FAH55989_MN19166_sequencing_run_madagascar_tb_mdr_1_10344_read_59769_ch_462_strand.fast5	fff195ca-c91c-456a-b5fd-036021396556	13797ccf3e2df77597eb86d8e23088d7f34ba047	462	36731.597656	1.252	1001	True	36731.664062	945	1.182	458	10.72816	-0.0011300000000000001	95.550888	11.315230999999999
minion2_PC_20180219_FAH55989_MN19166_sequencing_run_madagascar_tb_mdr_1_10344_read_120503_ch_267_strand.fast5	fff13633-a1d5-45bb-9f8e-313d9368f4a4	13797ccf3e2df77597eb86d8e23088d7f34ba047	267	94340.375	1.68775	1350	True	94340.65625	1128	1.41025	517	10.972128	-0.003254	95.730492	11.494843
minion2_PC_20180219_FAH55989_MN19166_sequencing_run_madagascar_tb_mdr_1_10344_read_86850_ch_225_strand.fast5	fff129f3-d804-48d5-bd0b-147fb7f6ac98	13797ccf3e2df77597eb86d8e23088d7f34ba047	225	58795.65625	2.89075	2312	True	58795.710938	2268	2.83575	1192	9.514192999999999	-0.001685	93.21599599999999	10.417197999999999
minion2_PC_20180219_FAH55989_MN19166_sequencing_run_madagascar_tb_mdr_1_10344_read_89078_ch_504_strand.fast5	fff09c99-1473-4652-8595-253f21544e86	13797ccf3e2df77597eb86d8e23088d7f34ba047	504	60755.76953099999	2.67425	2139	True	60755.86328099999	2062	2.578	1001	10.810308000000001	-0.002058	92.677177	10.956024000000001
minion2_PC_20180219_FAH55989_MN19166_sequencing_run_madagascar_tb_mdr_1_10344_read_53511_ch_234_strand.fast5	fff058f8-4113-431c-a671-3c399d79d1f1	13797ccf3e2df77597eb86d8e23088d7f34ba047	234	37197.933594	2.85725	2285	True	37198.019531	2215	2.76975	1090	10.539161	-0.002252	89.803467	10.776413
minion2_PC_20180219_FAH55989_MN19166_sequencing_run_madagascar_tb_mdr_1_10344_read_1959_ch_462_strand.fast5	fff02ac5-7a09-480e-b225-f7f76944aa5d	13797ccf3e2df77597eb86d8e23088d7f34ba047	462	1269.767944	1.70575	1364	False	1269.986694	1189	1.487	681	6.8291830000000004	-0.002191	89.444252	9.87838
minion2_PC_20180219_FAH55989_MN19166_sequencing_run_madagascar_tb_mdr_1_10344_read_92643_ch_38_strand.fast5	ffefa1ee-a589-459a-802c-1f13cf4f34c2	13797ccf3e2df77597eb86d8e23088d7f34ba047	38	59668.79296900001	1.7515	1401	False	59668.83203099999	1368	1.71025	767	6.936363	-0.00234	90.16268199999999	10.596809
minion2_PC_20180219_FAH55989_MN19166_sequencing_run_madagascar_tb_mdr_1_10344_read_26064_ch_422_strand.fast5	ffef8027-f76f-458d-be5c-708adac53966	13797ccf3e2df77597eb86d8e23088d7f34ba047	422	15640.78418	5.8035	4642	True	15640.835938	4600	5.751	2346	10.059303	-0.001924	92.317963	9.87838
minion2_PC_20180219_FAH55989_MN19166_sequencing_run_madagascar_tb_mdr_1_10344_read_106180_ch_462_strand.fast5	ffef4c45-380f-41e5-a0f2-b9341a510eb6	13797ccf3e2df77597eb86d8e23088d7f34ba047	462	91436.171875	2.05275	1642	True	91436.210938	1610	2.01275	955	7.514676	-0.0020280000000000003	96.269318	10.596809
minion2_PC_20180219_FAH55989_MN19166_sequencing_run_madagascar_tb_mdr_1_10344_read_161572_ch_61_strand.fast5	ffef468a-6aa6-4e22-89ed-4de34c1712d1	13797ccf3e2df77597eb86d8e23088d7f34ba047	61	85955.132812	1.34775	1078	False	85955.171875	1047	1.309	507	6.61307	-0.004169	106.50691200000001	11.494843
minion2_PC_20180219_FAH55989_MN19166_sequencing_run_madagascar_tb_mdr_1_10344_read_24543_ch_109_strand.fast5	ffef2604-48f2-418b-b407-6cf5da269f63	13797ccf3e2df77597eb86d8e23088d7f34ba047	109	17425.496094	1.5495	1239	True	17425.527344	1215	1.5195	600	10.452963	-0.0028640000000000002	89.98307	10.866222
minion2_PC_20180219_FAH55989_MN19166_sequencing_run_madagascar_tb_mdr_1_10344_read_49885_ch_291_strand.fast5	ffeef5a3-f061-4605-b51c-c4c7acad44ff	13797ccf3e2df77597eb86d8e23088d7f34ba047	291	55250.03515599999	4.3885	3510	True	55250.15234400001	3418	4.2735	1569	11.158649	-0.001258	93.036392	9.87838
minion2_PC_20180219_FAH55989_MN19166_sequencing_run_madagascar_tb_mdr_1_10344_read_65103_ch_133_strand.fast5	ffeec88f-6bc5-4bbd-8962-936cbefe1f8f	13797ccf3e2df77597eb86d8e23088d7f34ba047	133	33287.65625	1.579	1263	True	33287.6875	1238	1.54775	656	7.567728	-0.0015550000000000002	93.036392	10.057991000000001
minion2_PC_20180219_FAH55989_MN19166_sequencing_run_madagascar_tb_mdr_1_10344_read_70112_ch_21_strand.fast5	ffee7aae-7414-4648-9362-a883b9905cce	13797ccf3e2df77597eb86d8e23088d7f34ba047	21	36780.617188	1.5075	1206	True	36780.636719	1190	1.4875	630	9.211973	-0.001882	97.346954	9.87838
minion2_PC_20180219_FAH55989_MN19166_sequencing_run_madagascar_tb_mdr_1_10344_read_590_ch_379_strand.fast5	ffee4237-2e30-4afb-91c4-88935596d52b	13797ccf3e2df77597eb86d8e23088d7f34ba047	379	458.520508	1.6405	1312	True	458.520508	1312	1.6405	434	9.164177	-0.003686	89.085037	9.15995
minion2_PC_20180219_FAH55989_MN19166_sequencing_run_madagascar_tb_mdr_1_10344_read_13501_ch_488_strand.fast5	ffee325d-f9c9-46d6-b850-3242d54d81de	13797ccf3e2df77597eb86d8e23088d7f34ba047	488	8540.149414	1.12625	901	True	8540.289062	789	0.98625	419	10.784115	-0.001134	87.468575	9.15995
minion2_PC_20180219_FAH55989_MN19166_sequencing_run_madagascar_tb_mdr_1_10344_read_122641_ch_234_strand.fast5	ffededf7-ef49-4726-8783-fecbc064e50d	13797ccf3e2df77597eb86d8e23088d7f34ba047	234	102353.648438	1.421	1136	True	102353.695312	1100	1.376	413	10.274049	-0.0035310000000000003	95.550888	11.494843
minion2_PC_20180219_FAH55989_MN19166_sequencing_run_madagascar_tb_mdr_1_10344_read_38499_ch_448_strand.fast5	ffedded5-d613-4a1e-82be-1fe6b213f6ea	13797ccf3e2df77597eb86d8e23088d7f34ba047	448	33277.1875	1.95575	1564	True	33277.304688	1471	1.8395	719	11.308228	-0.002654	87.468575	10.057991000000001
minion2_PC_20180219_FAH55989_MN19166_sequencing_run_madagascar_tb_mdr_1_10344_read_78334_ch_260_strand.fast5	ffedab8e-ecfb-48bc-a054-03c0c2355b87	13797ccf3e2df77597eb86d8e23088d7f34ba047	260	65074.351562	5.46175	4369	True	65074.40234400001	4328	5.4105	2437	7.722313000000001	-0.00164	98.963417	10.596809
minion2_PC_20180219_FAH55989_MN19166_sequencing_run_madagascar_tb_mdr_1_10344_read_84018_ch_371_strand.fast5	ffeda960-cece-4f84-8c30-ded75a7e7d6d	13797ccf3e2df77597eb86d8e23088d7f34ba047	371	58471.98828099999	2.57825	2062	True	58472.03515599999	2022	2.52825	987	10.608397	-0.0012230000000000001	97.526566	11.494843
minion2_PC_20180219_FAH55989_MN19166_sequencing_run_madagascar_tb_mdr_1_10344_read_56874_ch_4_strand.fast5	ffed9c37-1675-4680-8ab7-fc8a525b946f	13797ccf3e2df77597eb86d8e23088d7f34ba047	4	58568.58984400001	2.991	2392	True	58568.601562	2382	2.9785	1107	9.36764	-0.0015199999999999999	102.375946	10.417206
minion2_PC_20180219_FAH55989_MN19166_sequencing_run_madagascar_tb_mdr_1_10344_read_74831_ch_321_strand.fast5	ffed4753-9866-4d48-a0f4-8eaa0ed99e64	13797ccf3e2df77597eb86d8e23088d7f34ba047	321	52537.136719	4.08625	3269	True	52537.253906	3175	3.96875	1759	9.489367	-0.0017510000000000002	104.351624	10.776413
minion2_PC_20180219_FAH55989_MN19166_sequencing_run_madagascar_tb_mdr_1_10344_read_124760_ch_387_strand.fast5	ffed1309-0506-4cc2-a074-53c54f6c10e0	13797ccf3e2df77597eb86d8e23088d7f34ba047	387	86440.921875	1.825	1460	True	86441.03125	1370	1.7125	686	9.91595	-0.002052	109.82963600000001	11.584648
minion2_PC_20180219_FAH55989_MN19166_sequencing_run_madagascar_tb_mdr_1_10344_read_41778_ch_385_strand.fast5	ffec80cf-e929-4e04-83bb-77dc222788d9	13797ccf3e2df77597eb86d8e23088d7f34ba047	385	28960.326172000005	5.7585	4606	True	28960.673827999995	4327	5.40975	1842	11.173504	-0.001109	98.783813	11.494843
minion2_PC_20180219_FAH55989_MN19166_sequencing_run_madagascar_tb_mdr_1_10344_read_1768_ch_18_strand.fast5	ffebd7f8-3642-423a-be75-5e59deb3fa7d	13797ccf3e2df77597eb86d8e23088d7f34ba047	18	1186.331299	7.99175	6393	True	1186.367554	6364	7.9555	3178	11.039043	-0.001458	89.803467	10.417197999999999
minion2_PC_20180219_FAH55989_MN19166_sequencing_run_madagascar_tb_mdr_1_10344_read_13246_ch_435_strand.fast5	ffebb94c-23b9-4dc8-abd3-d69468d36c6a	13797ccf3e2df77597eb86d8e23088d7f34ba047	435	7326.270995999999	2.434	1947	True	7326.367187999999	1870	2.33775	848	11.221442999999999	-0.0017519999999999999	88.00739300000001	9.519173
minion2_PC_20180219_FAH55989_MN19166_sequencing_run_madagascar_tb_mdr_1_10344_read_45564_ch_390_strand.fast5	ffeb61a8-bc15-4357-9c55-ded666569438	13797ccf3e2df77597eb86d8e23088d7f34ba047	390	22682.533203	1.72125	1377	True	22682.568359	1349	1.68625	672	10.451103999999999	-0.002029	86.570541	12.033661
minion2_PC_20180219_FAH55989_MN19166_sequencing_run_madagascar_tb_mdr_1_10344_read_18718_ch_385_strand.fast5	ffeaf1af-df8f-4fb5-a6fe-b6a470c38610	13797ccf3e2df77597eb86d8e23088d7f34ba047	385	8351.435547	1.746	1396	True	8351.742188	1151	1.43975	559	10.384866	-0.002092	91.77914399999999	10.237594999999999
minion2_PC_20180219_FAH55989_MN19166_sequencing_run_madagascar_tb_mdr_1_10344_read_25000_ch_128_strand.fast5	ffeab933-28c9-49dc-80ae-f6b1a34a0222	13797ccf3e2df77597eb86d8e23088d7f34ba047	128	15248.899413999998	1.42925	1143	True	15248.923828	1123	1.40425	646	8.331707000000002	-0.002092	89.623856	9.519173
minion2_PC_20180219_FAH55989_MN19166_sequencing_run_madagascar_tb_mdr_1_10344_read_94491_ch_310_strand.fast5	ffeab0f7-78f5-4b64-a8f8-0160e8b0c2bc	13797ccf3e2df77597eb86d8e23088d7f34ba047	310	99653.898438	1.356	1084	True	99653.898438	1084	1.356	486	8.194258	-0.002242	85.672508	8.980347
minion2_PC_20180219_FAH55989_MN19166_sequencing_run_madagascar_tb_mdr_1_10344_read_2010_ch_194_strand.fast5	ffea63c0-7892-4f99-a46b-f1aa6cb06af9	13797ccf3e2df77597eb86d8e23088d7f34ba047	194	1501.819214	1.16675	933	True	1501.873047	890	1.113	534	9.415517999999999	-0.0019809999999999997	94.29364	9.339561
minion2_PC_20180219_FAH55989_MN19166_sequencing_run_madagascar_tb_mdr_1_10344_read_24386_ch_425_strand.fast5	ffea1af2-687c-4856-af0f-ab7126983fe0	13797ccf3e2df77597eb86d8e23088d7f34ba047	425	15222.293945	2.609	2087	True	15222.386719	2013	2.5165	988	10.364294000000001	-0.001116	93.395607	10.596809
minion2_PC_20180219_FAH55989_MN19166_sequencing_run_madagascar_tb_mdr_1_10344_read_98276_ch_380_strand.fast5	ffe9db97-e745-4646-8a60-15d20d7d39b5	13797ccf3e2df77597eb86d8e23088d7f34ba047	380	71019.234375	2.2265	1781	True	71019.289062	1735	2.169	954	8.373549	-0.0017670000000000001	92.85678100000001	10.327396
minion2_PC_20180219_FAH55989_MN19166_sequencing_run_madagascar_tb_mdr_1_10344_read_8617_ch_310_strand.fast5	ffe979c1-628a-4a9c-b75e-bd70bce53547	13797ccf3e2df77597eb86d8e23088d7f34ba047	310	4988.561035	7.11375	5691	True	4988.631836	5634	7.0425	2837	11.657760000000001	-0.0017469999999999999	84.864273	10.147789
minion2_PC_20180219_FAH55989_MN19166_sequencing_run_madagascar_tb_mdr_1_10344_read_8721_ch_135_strand.fast5	ffe92451-6b02-4c04-942a-bd19daf904bf	13797ccf3e2df77597eb86d8e23088d7f34ba047	135	5117.667969	1.48125	1185	True	5117.788086	1089	1.36125	517	11.564885	-0.0016469999999999998	85.672508	10.596809
minion2_PC_20180219_FAH55989_MN19166_sequencing_run_madagascar_tb_mdr_1_10344_read_31409_ch_120_strand.fast5	ffe8f641-fd4b-4c45-b4cd-0c9296940d23	13797ccf3e2df77597eb86d8e23088d7f34ba047	120	19235.0625	4.79	3832	True	19235.083984	3815	4.76875	1946	10.89338	-0.002076	86.031715	10.417206
minion2_PC_20180219_FAH55989_MN19166_sequencing_run_madagascar_tb_mdr_1_10344_read_7834_ch_134_strand.fast5	ffe8c387-bfc6-49ef-bcd9-7f0e6b6cc620	13797ccf3e2df77597eb86d8e23088d7f34ba047	134	4886.169922	2.09075	1672	True	4886.27002	1592	1.99075	725	11.685786	-0.001831	84.41526	10.776413
minion2_PC_20180219_FAH55989_MN19166_sequencing_run_madagascar_tb_mdr_1_10344_read_135520_ch_222_strand.fast5	ffe80ddd-ee5c-4dad-a78f-51d74268dc4a	13797ccf3e2df77597eb86d8e23088d7f34ba047	222	92169.890625	1.436	1148	True	92169.890625	1148	1.436	479	8.998775	-0.0034200000000000003	81.002724	8.441528
minion2_PC_20180219_FAH55989_MN19166_sequencing_run_madagascar_tb_mdr_1_10344_read_113673_ch_22_strand.fast5	ffe7dc5f-c033-42ba-b507-07f83ba4ee67	13797ccf3e2df77597eb86d8e23088d7f34ba047	22	92961.75	1.30775	1046	False	92961.796875	1010	1.26275	503	6.803636	-0.00475	105.608871	10.237594999999999
minion2_PC_20180219_FAH55989_MN19166_sequencing_run_madagascar_tb_mdr_1_10344_read_50679_ch_484_strand.fast5	ffe7ac83-cb16-4868-9a6c-2ab932761b96	13797ccf3e2df77597eb86d8e23088d7f34ba047	484	30135.529297000005	1.96525	1572	True	30135.560547000005	1548	1.93525	624	10.388638	-0.002357	93.036392	9.698769
minion2_PC_20180219_FAH55989_MN19166_sequencing_run_madagascar_tb_mdr_1_10344_read_34796_ch_407_strand.fast5	ffe71b71-4686-4087-a470-f901d870eec3	13797ccf3e2df77597eb86d8e23088d7f34ba047	407	46910.695312	1.45075	1160	True	46910.765625	1106	1.38325	566	9.712238000000001	-0.003008	95.191673	10.417197999999999
minion2_PC_20180219_FAH55989_MN19166_sequencing_run_madagascar_tb_mdr_1_10344_read_184127_ch_87_strand.fast5	ffe6e581-341a-4765-bd4f-574fbde9470a	13797ccf3e2df77597eb86d8e23088d7f34ba047	87	168311.4375	3.7645	3011	False	168311.4375	3011	3.7645	525	3.191706	-0.0026149999999999997	62.143997	4.6697809999999995
minion2_PC_20180219_FAH55989_MN19166_sequencing_run_madagascar_tb_mdr_1_10344_read_51410_ch_488_strand.fast5	ffe6d7ca-bf1e-4fb4-8ac2-b0e31f1ab9fa	13797ccf3e2df77597eb86d8e23088d7f34ba047	488	28902.011719	3.28825	2630	True	28902.337891000003	2370	2.96325	1089	10.355591	-0.001977	90.521889	10.596809
minion2_PC_20180219_FAH55989_MN19166_sequencing_run_madagascar_tb_mdr_1_10344_read_94_ch_131_strand.fast5	ffe6ce36-a1c3-4f15-b701-aae28bbaa717	13797ccf3e2df77597eb86d8e23088d7f34ba047	131	77.082497	3.11225	2489	True	77.113747	2464	3.081	1104	11.552478	-0.00179	92.138351	10.417206
minion2_PC_20180219_FAH55989_MN19166_sequencing_run_madagascar_tb_mdr_1_10344_read_115467_ch_362_strand.fast5	ffe69b8c-af76-4d84-94b7-5bd310df0c65	13797ccf3e2df77597eb86d8e23088d7f34ba047	362	74803.765625	3.848	3078	True	74803.796875	3053	3.81675	1401	11.27572	-0.001622	91.060715	10.596809
minion2_PC_20180219_FAH55989_MN19166_sequencing_run_madagascar_tb_mdr_1_10344_read_3994_ch_222_strand.fast5	ffe647a9-5f1d-4a8d-9d9d-e9315d9f6ed4	13797ccf3e2df77597eb86d8e23088d7f34ba047	222	2645.407715	1.40275	1122	True	2645.501465	1047	1.309	548	11.241842	-0.002323	88.187004	9.15995
minion2_PC_20180219_FAH55989_MN19166_sequencing_run_madagascar_tb_mdr_1_10344_read_183036_ch_254_strand.fast5	ffe6415e-270d-4c62-80dc-faf2f55519a0	13797ccf3e2df77597eb86d8e23088d7f34ba047	254	99810.132812	4.23475	3387	False	99810.21875	3323	4.15475	1090	3.195295	-0.002388	75.614517	8.261917
minion2_PC_20180219_FAH55989_MN19166_sequencing_run_madagascar_tb_mdr_1_10344_read_2923_ch_431_strand.fast5	ffe5cdb0-fa8b-4112-974a-cf847768e67d	13797ccf3e2df77597eb86d8e23088d7f34ba047	431	2019.5137940000002	1.91975	1535	True	2019.742554	1352	1.691	794	9.929208000000001	-0.0016010000000000002	85.492897	9.968182
minion2_PC_20180219_FAH55989_MN19166_sequencing_run_madagascar_tb_mdr_1_10344_read_1072_ch_462_strand.fast5	ffe59e6e-0ab7-43ad-be43-2c1d288edcf5	13797ccf3e2df77597eb86d8e23088d7f34ba047	462	738.546509	2.17225	1737	True	738.721497	1597	1.99725	796	8.137348	-0.002389	88.366608	11.135628
minion2_PC_20180219_FAH55989_MN19166_sequencing_run_madagascar_tb_mdr_1_10344_read_2236_ch_335_strand.fast5	ffe55253-d81b-4e36-9532-35b5c63acd45	13797ccf3e2df77597eb86d8e23088d7f34ba047	335	1639.477783	1.18475	947	True	1639.796509	692	0.866	348	9.170535000000001	-0.001535	86.39093000000001	9.968185
minion2_PC_20180219_FAH55989_MN19166_sequencing_run_madagascar_tb_mdr_1_10344_read_54721_ch_58_strand.fast5	ffe52728-0c06-4fde-8fbf-b56a191e7fb5	13797ccf3e2df77597eb86d8e23088d7f34ba047	58	44424.246094	1.7245	1379	True	44424.5625	1125	1.407	526	8.893548	-0.002823	96.808136	10.956024000000001
minion2_PC_20180219_FAH55989_MN19166_sequencing_run_madagascar_tb_mdr_1_10344_read_2245_ch_7_strand.fast5	ffe4edfb-5cf0-4c50-b1ea-83752d827a20	13797ccf3e2df77597eb86d8e23088d7f34ba047	7	29404.308594	1.594	1275	True	29404.423827999995	1183	1.479	601	9.199494999999999	-0.002148	88.09719799999999	10.507004
minion2_PC_20180219_FAH55989_MN19166_sequencing_run_madagascar_tb_mdr_1_10344_read_83965_ch_378_strand.fast5	ffe4e33a-2c84-4c54-9ee9-693cc233dcd1	13797ccf3e2df77597eb86d8e23088d7f34ba047	378	76368.15625	1.351	1080	True	76368.335938	938	1.1735	477	8.695266	-0.000666	99.502235	11.49485
minion2_PC_20180219_FAH55989_MN19166_sequencing_run_madagascar_tb_mdr_1_10344_read_3430_ch_47_strand.fast5	ffe4ba05-08d0-46f1-841e-64069666dc6d	13797ccf3e2df77597eb86d8e23088d7f34ba047	47	2539.37793	1.2525	1002	True	2539.44043	952	1.19	513	10.076163000000001	-0.00134	85.313293	9.698775999999999
minion2_PC_20180219_FAH55989_MN19166_sequencing_run_madagascar_tb_mdr_1_10344_read_37770_ch_63_strand.fast5	ffe4582b-6cbe-4ad5-b547-f4295fab999c	13797ccf3e2df77597eb86d8e23088d7f34ba047	63	21396.056641	2.75775	2206	True	21396.142578	2137	2.6715	910	10.795736999999999	-0.002303	86.031715	10.417206
minion2_PC_20180219_FAH55989_MN19166_sequencing_run_madagascar_tb_mdr_1_10344_read_20227_ch_212_strand.fast5	ffe41a6d-6866-4579-8a54-3c3e7d6c728a	13797ccf3e2df77597eb86d8e23088d7f34ba047	212	12509.959961	2.0005	1600	True	12510.402344	1247	1.55925	608	11.428595	-0.0024170000000000003	90.342285	8.980347
minion2_PC_20180219_FAH55989_MN19166_sequencing_run_madagascar_tb_mdr_1_10344_read_114762_ch_226_strand.fast5	ffe3ec42-8485-4286-87ac-2092a9e19421	13797ccf3e2df77597eb86d8e23088d7f34ba047	226	58426.77734400001	2.04625	1637	False	58426.97265599999	1480	1.85	318	3.361505	-0.00349	94.114029	9.159958
minion2_PC_20180219_FAH55989_MN19166_sequencing_run_madagascar_tb_mdr_1_10344_read_67347_ch_162_strand.fast5	ffe3b3dd-8cdd-45b3-a70b-e23f3361f6d5	13797ccf3e2df77597eb86d8e23088d7f34ba047	162	40637.804688	5.6295	4503	True	40637.894531	4428	5.53575	2459	8.531847	-0.001376	92.317963	10.237594999999999
minion2_PC_20180219_FAH55989_MN19166_sequencing_run_madagascar_tb_mdr_1_10344_read_149044_ch_392_strand.fast5	ffe3b351-8641-43be-97b1-4214f369b337	13797ccf3e2df77597eb86d8e23088d7f34ba047	392	116574.85156199998	2.68525	2148	True	116574.91406199998	2101	2.6265	964	10.56127	-0.001716	76.33294699999999	8.980347
minion2_PC_20180219_FAH55989_MN19166_sequencing_run_madagascar_tb_mdr_1_10344_read_21304_ch_8_strand.fast5	ffe3465b-c34b-4cf1-b60f-1d6774215142	13797ccf3e2df77597eb86d8e23088d7f34ba047	8	11395.676758	3.096	2476	True	11396.100586	2137	2.67225	1093	10.4292	-0.0017230000000000001	85.672508	10.237594999999999
minion2_PC_20180219_FAH55989_MN19166_sequencing_run_madagascar_tb_mdr_1_10344_read_54734_ch_108_strand.fast5	ffe2b22b-7b51-415f-ada3-0646ac786963	13797ccf3e2df77597eb86d8e23088d7f34ba047	108	32427.535156	2.77625	2221	True	32427.890625	1938	2.4225	1016	8.635223	-0.00214	86.39093000000001	10.956024000000001
minion2_PC_20180219_FAH55989_MN19166_sequencing_run_madagascar_tb_mdr_1_10344_read_35937_ch_315_strand.fast5	ffe20853-f3dd-47e5-908b-6a132f07ee81	13797ccf3e2df77597eb86d8e23088d7f34ba047	315	19533.923828	4.51875	3615	True	19534.134766	3447	4.30875	1644	10.599165	-0.001556	84.056046	10.057991000000001
minion2_PC_20180219_FAH55989_MN19166_sequencing_run_madagascar_tb_mdr_1_10344_read_114241_ch_453_strand.fast5	ffe1ea51-56eb-47ec-b443-b9a15fb6ea2c	13797ccf3e2df77597eb86d8e23088d7f34ba047	453	96524.46875	1.82275	1458	True	96524.609375	1348	1.68525	649	9.273728	-0.0016239999999999998	99.86145	10.776413
minion2_PC_20180219_FAH55989_MN19166_sequencing_run_madagascar_tb_mdr_1_10344_read_48564_ch_366_strand.fast5	ffe1d11a-71b3-45fc-bdb0-b3c60577c747	13797ccf3e2df77597eb86d8e23088d7f34ba047	366	33185.714844	2.1425	1714	False	33185.761719	1677	2.09625	783	6.903917999999999	-0.002163	88.366608	9.698775999999999
minion2_PC_20180219_FAH55989_MN19166_sequencing_run_madagascar_tb_mdr_1_10344_read_8233_ch_244_strand.fast5	ffe1cdc9-8101-422f-b2e1-e1b803c105a5	13797ccf3e2df77597eb86d8e23088d7f34ba047	244	4910.096191	2.66075	2128	True	4910.322265999999	1947	2.4345	826	10.371132000000001	-0.002273	86.211327	10.776413
minion2_PC_20180219_FAH55989_MN19166_sequencing_run_madagascar_tb_mdr_1_10344_read_3914_ch_448_strand.fast5	ffe187aa-df68-4f69-a77f-4e40775ed29e	13797ccf3e2df77597eb86d8e23088d7f34ba047	448	2497.902344	3.2655	2612	True	2498.167236	2400	3.0005	1266	10.631485000000001	-0.002089	85.672508	9.87838
minion2_PC_20180219_FAH55989_MN19166_sequencing_run_madagascar_tb_mdr_1_10344_read_93757_ch_305_strand.fast5	ffe172cc-2717-4010-a201-e0d3e4136306	13797ccf3e2df77597eb86d8e23088d7f34ba047	305	71114.765625	1.94775	1558	True	71115.171875	1241	1.5515	587	10.357842	-0.001987	93.575211	11.315239
minion2_PC_20180219_FAH55989_MN19166_sequencing_run_madagascar_tb_mdr_1_10344_read_42673_ch_168_strand.fast5	ffe13357-bd8f-470d-ac8e-a7f6292e6833	13797ccf3e2df77597eb86d8e23088d7f34ba047	168	37099.296875	2.81975	2255	True	37099.507812	2083	2.60475	1078	9.512486	-0.002694	93.575211	10.057991000000001
minion2_PC_20180219_FAH55989_MN19166_sequencing_run_madagascar_tb_mdr_1_10344_read_82765_ch_286_strand.fast5	ffe0c51c-accc-476b-9259-a6500b5c7e1c	13797ccf3e2df77597eb86d8e23088d7f34ba047	286	43787.046875	2.299	1839	True	43787.207031	1712	2.14025	767	9.881783	-0.001697	96.808136	9.87838
minion2_PC_20180219_FAH55989_MN19166_sequencing_run_madagascar_tb_mdr_1_10344_read_17888_ch_78_strand.fast5	ffe085c6-fbc7-48df-b095-5380afb233f6	13797ccf3e2df77597eb86d8e23088d7f34ba047	78	12585.742188	4.9085	3926	True	12585.900391	3800	4.751	1779	10.363762	-0.001552	90.88110400000001	10.417197999999999
minion2_PC_20180219_FAH55989_MN19166_sequencing_run_madagascar_tb_mdr_1_10344_read_72744_ch_437_strand.fast5	ffe03edc-94dc-4e78-992b-c6b328e51a2f	13797ccf3e2df77597eb86d8e23088d7f34ba047	437	48532.070312	2.562	2049	True	48532.097656	2029	2.537	1168	9.611185	-0.001403	95.191673	9.519165
minion2_PC_20180219_FAH55989_MN19166_sequencing_run_madagascar_tb_mdr_1_10344_read_86400_ch_452_strand.fast5	ffe02120-f765-49b6-9efc-27da80d2e3ed	13797ccf3e2df77597eb86d8e23088d7f34ba047	452	61538.19921900001	2.5905	2072	True	61538.328125	1970	2.463	955	10.180194	-0.001358	100.400276	10.776421000000001
minion2_PC_20180219_FAH55989_MN19166_sequencing_run_madagascar_tb_mdr_1_10344_read_23457_ch_124_strand.fast5	ffdff05a-8455-44cf-8542-20a5fabe69ec	13797ccf3e2df77597eb86d8e23088d7f34ba047	124	13533.319336000002	1.8575	1486	True	13533.578125	1279	1.59875	629	11.499053	-0.002466	92.497566	10.057983
minion2_PC_20180219_FAH55989_MN19166_sequencing_run_madagascar_tb_mdr_1_10344_read_162064_ch_501_strand.fast5	ffdfa486-3fe4-4af5-b10e-216a7da71100	13797ccf3e2df77597eb86d8e23088d7f34ba047	501	83367.226562	1.8735	1498	True	83367.257812	1474	1.8435	698	8.915459	-0.001259	97.88578000000001	10.057983
minion2_PC_20180219_FAH55989_MN19166_sequencing_run_madagascar_tb_mdr_1_10344_read_3497_ch_169_strand.fast5	ffdf0a11-d43d-4033-8181-82f2366b065b	13797ccf3e2df77597eb86d8e23088d7f34ba047	169	2655.605469	2.3185	1854	True	2655.667969	1804	2.256	781	12.787175	-0.00158	86.92975600000001	10.596809
minion2_PC_20180219_FAH55989_MN19166_sequencing_run_madagascar_tb_mdr_1_10344_read_179581_ch_223_strand.fast5	ffdef878-9b5e-4e52-9cf1-8b0675882fd3	13797ccf3e2df77597eb86d8e23088d7f34ba047	223	148664.578125	2.527	2021	True	148664.609375	2004	2.50575	520	8.911854	-0.002082	103.094376	11.315239
minion2_PC_20180219_FAH55989_MN19166_sequencing_run_madagascar_tb_mdr_1_10344_read_39759_ch_134_strand.fast5	ffdee632-8e54-4e0a-86e5-31941d1d772a	13797ccf3e2df77597eb86d8e23088d7f34ba047	134	20984.154297	1.79225	1433	True	20984.765625	944	1.181	440	10.021982000000001	-0.001284	89.444252	9.87838
minion2_PC_20180219_FAH55989_MN19166_sequencing_run_madagascar_tb_mdr_1_10344_read_24743_ch_196_strand.fast5	ffde6e48-376b-4da6-b84f-b67414a7c0dd	13797ccf3e2df77597eb86d8e23088d7f34ba047	196	29611.148438	2.18175	1745	True	29611.167969	1730	2.163	850	10.781139999999999	-0.001726	93.575211	11.315239
minion2_PC_20180219_FAH55989_MN19166_sequencing_run_madagascar_tb_mdr_1_10344_read_119934_ch_453_strand.fast5	ffdd8afa-d85a-4d33-a33e-32697d7c23e5	13797ccf3e2df77597eb86d8e23088d7f34ba047	453	98925.210938	1.46275	1170	True	98925.257812	1133	1.4165	614	8.497843	-0.00294	97.167351	10.417197999999999
minion2_PC_20180219_FAH55989_MN19166_sequencing_run_madagascar_tb_mdr_1_10344_read_105302_ch_266_strand.fast5	ffdcaf27-c1b7-4d23-ae8e-65f446cb80bc	13797ccf3e2df77597eb86d8e23088d7f34ba047	266	79889.421875	1.74975	1399	True	79889.476562	1356	1.696	741	10.440105	-0.001615	104.89045	11.494843
minion2_PC_20180219_FAH55989_MN19166_sequencing_run_madagascar_tb_mdr_1_10344_read_6110_ch_267_strand.fast5	ffdc36fd-46ca-4851-b72d-3cf9c08fd2b6	13797ccf3e2df77597eb86d8e23088d7f34ba047	267	4747.669922	1.99	1592	True	4747.907227000001	1402	1.7525	637	11.044542	-0.002338	87.10936	10.956024000000001
minion2_PC_20180219_FAH55989_MN19166_sequencing_run_madagascar_tb_mdr_1_10344_read_65667_ch_238_strand.fast5	ffdc305d-7fd8-4600-924f-5e055c2cf5a7	13797ccf3e2df77597eb86d8e23088d7f34ba047	238	38629.125	2.09925	1679	True	38629.15625	1652	2.0655	821	8.343580000000001	-0.001773	90.88110400000001	9.878387
minion2_PC_20180219_FAH55989_MN19166_sequencing_run_madagascar_tb_mdr_1_10344_read_36419_ch_444_strand.fast5	ffdc1681-1748-4945-a7d1-14d6d6d620e7	13797ccf3e2df77597eb86d8e23088d7f34ba047	444	37093.519531	3.36425	2691	True	37093.59375	2634	3.293	1367	10.600936	-0.001841	88.905434	11.315230999999999
minion2_PC_20180219_FAH55989_MN19166_sequencing_run_madagascar_tb_mdr_1_10344_read_27445_ch_69_strand.fast5	ffdbaa9d-1c05-4c67-a023-b0aaf4285c87	13797ccf3e2df77597eb86d8e23088d7f34ba047	69	15418.325195	1.82725	1461	True	15418.477538999998	1339	1.67475	640	10.199821	-0.0021920000000000004	88.187004	10.057991000000001
minion2_PC_20180219_FAH55989_MN19166_sequencing_run_madagascar_tb_mdr_1_10344_read_115666_ch_212_strand.fast5	ffdb9b9f-e186-42b8-88a6-4774ee9930cb	13797ccf3e2df77597eb86d8e23088d7f34ba047	212	68725.992188	1.2215	977	True	68726.015625	953	1.1915	521	8.957194	-0.00115	96.269318	10.237602
minion2_PC_20180219_FAH55989_MN19166_sequencing_run_madagascar_tb_mdr_1_10344_read_58042_ch_359_strand.fast5	ffdb797a-453b-497b-ac73-74c8d5d51704	13797ccf3e2df77597eb86d8e23088d7f34ba047	359	40448.148438	5.94475	4755	True	40448.167969	4737	5.92225	2308	10.224922	-0.00143	86.211327	10.417197999999999
minion2_PC_20180219_FAH55989_MN19166_sequencing_run_madagascar_tb_mdr_1_10344_read_52357_ch_394_strand.fast5	ffdb72b2-50e0-4a90-ac9f-f0dbf3f44515	13797ccf3e2df77597eb86d8e23088d7f34ba047	394	24851.632812	1.24925	999	True	24851.757812	898	1.123	464	8.87112	-0.0010689999999999999	99.143028	9.87838
minion2_PC_20180219_FAH55989_MN19166_sequencing_run_madagascar_tb_mdr_1_10344_read_28533_ch_166_strand.fast5	ffdb48f9-7e69-4432-b07b-166531e41242	13797ccf3e2df77597eb86d8e23088d7f34ba047	166	19587.976562	3.623	2898	True	19588.224609	2701	3.37675	1333	9.694163	-0.0016129999999999999	92.497566	9.87838
minion2_PC_20180219_FAH55989_MN19166_sequencing_run_madagascar_tb_mdr_1_10344_read_92845_ch_33_strand.fast5	ffdb2f93-f311-416b-a236-a635aaf1272d	13797ccf3e2df77597eb86d8e23088d7f34ba047	33	60748.96484400001	5.09575	4076	False	60749.19921900001	3887	4.8595	1154	3.0841060000000002	-0.002379	87.28897099999999	8.800735000000001
minion2_PC_20180219_FAH55989_MN19166_sequencing_run_madagascar_tb_mdr_1_10344_read_72134_ch_241_strand.fast5	ffdb1eaa-7c06-444e-a9b9-a939db89000f	13797ccf3e2df77597eb86d8e23088d7f34ba047	241	61410.273438	2.2335	1786	True	61410.53515599999	1576	1.971	726	9.459802999999999	-0.0018149999999999998	98.604202	10.776413
minion2_PC_20180219_FAH55989_MN19166_sequencing_run_madagascar_tb_mdr_1_10344_read_44302_ch_370_strand.fast5	ffdaeb46-305c-4f8b-9d96-c7692b6b8c82	13797ccf3e2df77597eb86d8e23088d7f34ba047	370	41339.597656	1.788	1430	True	41339.6875	1354	1.693	593	11.159310000000001	-0.001458	95.371277	10.596809
minion2_PC_20180219_FAH55989_MN19166_sequencing_run_madagascar_tb_mdr_1_10344_read_70854_ch_298_strand.fast5	ffdae0d9-3511-4ea0-b2b4-b266332596e4	13797ccf3e2df77597eb86d8e23088d7f34ba047	298	51080.253906	2.67025	2136	True	51080.960938	1571	1.964	719	11.172728	-0.002358	86.211327	10.417197999999999
minion2_PC_20180219_FAH55989_MN19166_sequencing_run_madagascar_tb_mdr_1_10344_read_109568_ch_251_strand.fast5	ffda38e8-3f4d-4c8f-bae5-7305ae19c1c4	13797ccf3e2df77597eb86d8e23088d7f34ba047	251	62315.460938	16.95525	13564	True	62315.65234400001	13411	16.764	6143	10.531055	-0.001513	94.652855	10.417197999999999
minion2_PC_20180219_FAH55989_MN19166_sequencing_run_madagascar_tb_mdr_1_10344_read_62681_ch_51_strand.fast5	ffd9a6d4-bf4b-4d20-bd4e-0ee0e6644f6a	13797ccf3e2df77597eb86d8e23088d7f34ba047	51	43464.824219	1.68725	1349	True	43464.894531	1292	1.616	589	10.182634	-0.002235	91.77914399999999	9.698769
minion2_PC_20180219_FAH55989_MN19166_sequencing_run_madagascar_tb_mdr_1_10344_read_112736_ch_361_strand.fast5	ffd8dd5f-c1d0-43b3-9320-ee208b50d699	13797ccf3e2df77597eb86d8e23088d7f34ba047	361	76609.234375	2.59175	2073	True	76609.257812	2052	2.5655	908	10.383335	-0.001324	91.240318	11.135628
minion2_PC_20180219_FAH55989_MN19166_sequencing_run_madagascar_tb_mdr_1_10344_read_15775_ch_340_strand.fast5	ffd8ac2d-f1fe-403f-ad7c-89ab87acc7a7	13797ccf3e2df77597eb86d8e23088d7f34ba047	340	10645.597656	2.23025	1784	True	10645.647461	1745	2.1815	914	11.479700999999999	-0.0011769999999999999	87.648178	11.135628
minion2_PC_20180219_FAH55989_MN19166_sequencing_run_madagascar_tb_mdr_1_10344_read_48260_ch_392_strand.fast5	ffd86b48-3352-4405-88ae-67dd044215b1	13797ccf3e2df77597eb86d8e23088d7f34ba047	392	38238.660156	1.164	931	True	38238.738281	868	1.08525	363	9.258897	-0.002623	89.623856	10.956024000000001
minion2_PC_20180219_FAH55989_MN19166_sequencing_run_madagascar_tb_mdr_1_10344_read_144062_ch_206_strand.fast5	ffd7a848-154f-498a-9702-61bc420e81df	13797ccf3e2df77597eb86d8e23088d7f34ba047	206	93492.976562	1.27575	1020	True	93493.023438	980	1.22575	516	8.655228	-0.002167	88.00739300000001	10.417206
minion2_PC_20180219_FAH55989_MN19166_sequencing_run_madagascar_tb_mdr_1_10344_read_125200_ch_268_strand.fast5	ffd736ba-b1a4-4412-bcc1-51999909c7c1	13797ccf3e2df77597eb86d8e23088d7f34ba047	268	106275.515625	2.58075	2064	True	106275.789062	1842	2.30325	1056	8.476287	-0.0016309999999999999	83.696831	10.417197999999999
minion2_PC_20180219_FAH55989_MN19166_sequencing_run_madagascar_tb_mdr_1_10344_read_66909_ch_307_strand.fast5	ffd6ec22-e56b-4b75-8579-9671de39f592	13797ccf3e2df77597eb86d8e23088d7f34ba047	307	60225.54296900001	1.77325	1418	True	60225.640625	1341	1.677	645	9.940833999999999	-0.002597	94.29364	10.417197999999999
minion2_PC_20180219_FAH55989_MN19166_sequencing_run_madagascar_tb_mdr_1_10344_read_6646_ch_336_strand.fast5	ffd6e514-88dd-49ea-be84-80b1cd340b60	13797ccf3e2df77597eb86d8e23088d7f34ba047	336	34655.339844	2.488	1990	True	34655.375	1961	2.45175	1136	9.000948	-0.0018579999999999998	93.754814	9.698775999999999
minion2_PC_20180219_FAH55989_MN19166_sequencing_run_madagascar_tb_mdr_1_10344_read_63913_ch_86_strand.fast5	ffd6c16d-456f-4a37-8982-db32ec09b75f	13797ccf3e2df77597eb86d8e23088d7f34ba047	86	4083.5810549999997	1.43	1144	True	4083.648438	1090	1.3625	627	9.115611	-0.001913	86.031715	10.237602
minion2_PC_20180219_FAH55989_MN19166_sequencing_run_madagascar_tb_mdr_1_10344_read_8419_ch_289_strand.fast5	ffd6907e-88b4-437d-a61d-d63cf6150a8d	13797ccf3e2df77597eb86d8e23088d7f34ba047	289	4982.919922	2.39975	1919	True	4983.322265999999	1597	1.99725	736	11.60765	-0.001689	86.211327	10.237594999999999
minion2_PC_20180219_FAH55989_MN19166_sequencing_run_madagascar_tb_mdr_1_10344_read_59960_ch_437_strand.fast5	ffd652fc-f7b6-41f1-9c58-5ab4fe9c495f	13797ccf3e2df77597eb86d8e23088d7f34ba047	437	42277.511719	2.26325	1810	True	42277.542969	1785	2.232	988	9.918078	-0.0017510000000000002	92.677177	10.417197999999999
minion2_PC_20180219_FAH55989_MN19166_sequencing_run_madagascar_tb_mdr_1_10344_read_59669_ch_157_strand.fast5	ffd63ad3-a583-4d11-abab-a72712241924	13797ccf3e2df77597eb86d8e23088d7f34ba047	157	63776.23828099999	6.544	5235	True	63776.30078099999	5187	6.484	2564	9.132786999999999	-0.001013	93.21599599999999	10.776413
minion2_PC_20180219_FAH55989_MN19166_sequencing_run_madagascar_tb_mdr_1_10344_read_5782_ch_366_strand.fast5	ffd5cd88-a14c-44f2-8b3b-d5e90b69b62b	13797ccf3e2df77597eb86d8e23088d7f34ba047	366	3666.8005369999996	1.52275	1218	True	3667.039307	1027	1.284	519	12.118325	-0.002439	84.594864	9.519165
minion2_PC_20180219_FAH55989_MN19166_sequencing_run_madagascar_tb_mdr_1_10344_read_5333_ch_101_strand.fast5	ffd5a434-9862-4577-81d2-b62fb0924700	13797ccf3e2df77597eb86d8e23088d7f34ba047	101	3185.2348629999997	4.783	3826	False	3185.244629	3818	4.773	13	1.0	-0.0036	87.468575	2.334892
minion2_PC_20180219_FAH55989_MN19166_sequencing_run_madagascar_tb_mdr_1_10344_read_49303_ch_144_strand.fast5	ffd59b8f-0bf2-463a-9c26-a7277e897222	13797ccf3e2df77597eb86d8e23088d7f34ba047	144	30802.921875	2.88825	2310	True	30803.025391000003	2227	2.7845	1236	9.639834	-0.001576	91.240318	10.057991000000001
minion2_PC_20180219_FAH55989_MN19166_sequencing_run_madagascar_tb_mdr_1_10344_read_13940_ch_366_strand.fast5	ffd47df2-2ff2-4bd7-b6d4-be92fca6ee20	13797ccf3e2df77597eb86d8e23088d7f34ba047	366	9376.996094	1.9245	1539	True	9376.996094	1539	1.9245	683	11.714824	-0.002439	87.468575	10.417197999999999
minion2_PC_20180219_FAH55989_MN19166_sequencing_run_madagascar_tb_mdr_1_10344_read_2111_ch_33_strand.fast5	ffd46eda-8168-4ca0-b7e1-efdb2ab82066	13797ccf3e2df77597eb86d8e23088d7f34ba047	33	1609.4334720000002	1.6815	1345	True	1609.849731	1012	1.26525	455	10.679882000000001	-0.0033299999999999996	89.803467	10.596809
minion2_PC_20180219_FAH55989_MN19166_sequencing_run_madagascar_tb_mdr_1_10344_read_6085_ch_334_strand.fast5	ffd43520-a6b5-43c5-8ee0-9c62c8a244f2	13797ccf3e2df77597eb86d8e23088d7f34ba047	334	3771.215332	2.79525	2236	True	3771.256592	2203	2.754	1101	11.951999	-0.002146	89.085037	9.698775999999999
minion2_PC_20180219_FAH55989_MN19166_sequencing_run_madagascar_tb_mdr_1_10344_read_5873_ch_363_strand.fast5	ffd3cb65-c7ca-40b2-9d66-00229cb8c49b	13797ccf3e2df77597eb86d8e23088d7f34ba047	363	3678.8474119999996	4.73375	3787	True	3678.9013670000004	3744	4.68	1937	10.435805	-0.001482	86.570541	9.698775999999999
minion2_PC_20180219_FAH55989_MN19166_sequencing_run_madagascar_tb_mdr_1_10344_read_68787_ch_212_strand.fast5	ffd3c74e-f7e6-45c6-9cb4-cbcc45dd38ee	13797ccf3e2df77597eb86d8e23088d7f34ba047	212	41977.742188	1.93175	1545	True	41978.101562	1260	1.5755	592	7.678501	-0.002037	97.70616899999999	10.237594999999999
minion2_PC_20180219_FAH55989_MN19166_sequencing_run_madagascar_tb_mdr_1_10344_read_50678_ch_144_strand.fast5	ffd393ac-36a2-4bc3-a02b-171ebfedbdc4	13797ccf3e2df77597eb86d8e23088d7f34ba047	144	31463.246094	1.56725	1253	True	31463.457031	1084	1.356	547	10.631377	-0.002023	90.521889	9.878387
minion2_PC_20180219_FAH55989_MN19166_sequencing_run_madagascar_tb_mdr_1_10344_read_50240_ch_229_strand.fast5	ffd37545-ec35-4583-be25-0a2154a12e82	13797ccf3e2df77597eb86d8e23088d7f34ba047	229	30286.033202999995	1.6355	1308	True	30286.25	1136	1.4205	536	11.628838	-0.001916	85.852112	10.237594999999999
minion2_PC_20180219_FAH55989_MN19166_sequencing_run_madagascar_tb_mdr_1_10344_read_79098_ch_416_strand.fast5	ffd2c805-7139-47e4-ab58-ab1abb0412fa	13797ccf3e2df77597eb86d8e23088d7f34ba047	416	121903.88281199998	1.4415	1153	True	121903.99218800002	1064	1.33025	599	8.196396	-0.003445	107.225334	10.237594999999999
minion2_PC_20180219_FAH55989_MN19166_sequencing_run_madagascar_tb_mdr_1_10344_read_69048_ch_394_strand.fast5	ffd2a2ad-4807-42ee-876f-30da032a6dfe	13797ccf3e2df77597eb86d8e23088d7f34ba047	394	32890.128906	2.499	1999	True	32890.359375	1816	2.27025	893	8.879869	-0.0016710000000000002	96.448921	11.135628
minion2_PC_20180219_FAH55989_MN19166_sequencing_run_madagascar_tb_mdr_1_10344_read_37156_ch_217_strand.fast5	ffd27a97-3b44-404f-b9dd-2b2ffc52026c	13797ccf3e2df77597eb86d8e23088d7f34ba047	217	30141.859375	3.2385	2590	True	30141.882812	2572	3.216	1374	8.80838	-0.0016769999999999999	94.29364	10.776413
minion2_PC_20180219_FAH55989_MN19166_sequencing_run_madagascar_tb_mdr_1_10344_read_8995_ch_126_strand.fast5	ffd1e09b-3386-4273-ac4a-6a33238e5194	13797ccf3e2df77597eb86d8e23088d7f34ba047	126	5056.55127	1.60875	1287	True	5056.643066	1214	1.5175	603	10.653887	-0.0029690000000000003	84.864273	9.608971
minion2_PC_20180219_FAH55989_MN19166_sequencing_run_madagascar_tb_mdr_1_10344_read_83706_ch_167_strand.fast5	ffd15e5e-248a-451a-9513-5f87d1a9499e	13797ccf3e2df77597eb86d8e23088d7f34ba047	167	60135.789062	4.28725	3429	True	60135.953125	3300	4.126	1715	10.672664	-0.0013830000000000001	88.905434	10.776413
minion2_PC_20180219_FAH55989_MN19166_sequencing_run_madagascar_tb_mdr_1_10344_read_35993_ch_227_strand.fast5	ffd10769-3e57-4bef-a970-676d78abae6d	13797ccf3e2df77597eb86d8e23088d7f34ba047	227	30376.109375	4.42375	3539	True	30376.238281	3436	4.295	1638	9.427658000000001	-0.001349	91.240318	10.417206
minion2_PC_20180219_FAH55989_MN19166_sequencing_run_madagascar_tb_mdr_1_10344_read_152690_ch_464_strand.fast5	ffd0cbd3-74b1-4058-b53a-dbbe4876534f	13797ccf3e2df77597eb86d8e23088d7f34ba047	464	104311.414062	1.401	1120	False	104311.539062	1026	1.2835	412	5.430091	-0.004139	101.298309	11.135628
minion2_PC_20180219_FAH55989_MN19166_sequencing_run_madagascar_tb_mdr_1_10344_read_6747_ch_460_strand.fast5	ffd09357-731f-430d-9436-657a945fce28	13797ccf3e2df77597eb86d8e23088d7f34ba047	460	6855.930176000001	1.53425	1227	False	6856.099120999999	1092	1.3655	535	5.353566000000001	-0.00223	93.036392	9.698769
minion2_PC_20180219_FAH55989_MN19166_sequencing_run_madagascar_tb_mdr_1_10344_read_20183_ch_116_strand.fast5	ffd0927a-05cb-4a3c-97eb-5050995d6c00	13797ccf3e2df77597eb86d8e23088d7f34ba047	116	11723.825195	7.4115	5929	True	11723.874023	5890	7.36275	2838	11.276154	-0.002013	86.75014499999999	10.417197999999999
minion2_PC_20180219_FAH55989_MN19166_sequencing_run_madagascar_tb_mdr_1_10344_read_11549_ch_504_strand.fast5	ffd03569-5ef8-4160-b28c-2583b0b02c50	13797ccf3e2df77597eb86d8e23088d7f34ba047	504	6739.004883	1.4165	1133	True	6739.187012	987	1.234	487	9.503836999999999	-0.001285	84.774467	10.956024000000001
minion2_PC_20180219_FAH55989_MN19166_sequencing_run_madagascar_tb_mdr_1_10344_read_42493_ch_167_strand.fast5	ffd01a7d-7466-4e53-a2a0-af86f620c20f	13797ccf3e2df77597eb86d8e23088d7f34ba047	167	23185.181641	1.65325	1322	True	23185.275391	1247	1.5595	643	9.634229	-0.002278	93.395607	9.698775999999999
minion2_PC_20180219_FAH55989_MN19166_sequencing_run_madagascar_tb_mdr_1_10344_read_42382_ch_231_strand.fast5	ffcffbf8-2476-4e7d-a2bf-5fb78701d9a6	13797ccf3e2df77597eb86d8e23088d7f34ba047	231	31540.132812	1.45425	1163	True	31540.386719	959	1.19925	485	9.703282000000002	-0.001131	88.546219	9.87838
minion2_PC_20180219_FAH55989_MN19166_sequencing_run_madagascar_tb_mdr_1_10344_read_35319_ch_125_strand.fast5	ffcfeb43-914e-4453-91ce-bb17d3aa060c	13797ccf3e2df77597eb86d8e23088d7f34ba047	125	24839.824219	3.9025	3122	True	24840.060547	2932	3.665	1282	7.561583000000001	-0.002501	93.395607	10.596802
minion2_PC_20180219_FAH55989_MN19166_sequencing_run_madagascar_tb_mdr_1_10344_read_90247_ch_212_strand.fast5	ffcfe529-673e-4226-81cb-4e235ce25b25	13797ccf3e2df77597eb86d8e23088d7f34ba047	212	52090.226562	2.31275	1850	True	52090.28125	1810	2.26275	952	7.4434130000000005	-0.002278	104.710838	10.417197999999999
minion2_PC_20180219_FAH55989_MN19166_sequencing_run_madagascar_tb_mdr_1_10344_read_74307_ch_298_strand.fast5	ffcf380c-d094-4b27-8834-05ebc8b24b1e	13797ccf3e2df77597eb86d8e23088d7f34ba047	298	53023.871094	1.6455	1316	True	53023.957031	1248	1.5605	552	8.073561999999999	-0.002652	87.827789	9.519165
minion2_PC_20180219_FAH55989_MN19166_sequencing_run_madagascar_tb_mdr_1_10344_read_131328_ch_295_strand.fast5	ffcf09d9-b8a5-4e45-829b-03694301b6b0	13797ccf3e2df77597eb86d8e23088d7f34ba047	295	103067.804688	1.7245	1379	True	103067.820312	1366	1.70825	710	8.972228999999999	-0.002321	113.511581	12.392876
minion2_PC_20180219_FAH55989_MN19166_sequencing_run_madagascar_tb_mdr_1_10344_read_82264_ch_11_strand.fast5	ffcf09a2-8f90-4d6c-aa21-16c1570632a5	13797ccf3e2df77597eb86d8e23088d7f34ba047	11	66243.25	1.69825	1358	True	66243.34375	1287	1.6095	500	11.596892	-0.002018	99.322632	12.033661
minion2_PC_20180219_FAH55989_MN19166_sequencing_run_madagascar_tb_mdr_1_10344_read_134308_ch_170_strand.fast5	ffcdef0e-436b-4e14-9cb8-be48de8d94e0	13797ccf3e2df77597eb86d8e23088d7f34ba047	170	83740.015625	2.185	1748	True	83740.171875	1630	2.0375	840	10.496622	-0.001167	102.375946	10.776421000000001
minion2_PC_20180219_FAH55989_MN19166_sequencing_run_madagascar_tb_mdr_1_10344_read_21512_ch_428_strand.fast5	ffcde92f-ebd2-4362-8a42-243201abd652	13797ccf3e2df77597eb86d8e23088d7f34ba047	428	29576.224608999997	1.34575	1076	True	29576.337891000003	984	1.23075	567	9.473164	-0.000644	94.832458	9.519165
minion2_PC_20180219_FAH55989_MN19166_sequencing_run_madagascar_tb_mdr_1_10344_read_394315_ch_323_strand.fast5	ffcdbe94-f449-4d7e-a960-9e3e36f2f203	13797ccf3e2df77597eb86d8e23088d7f34ba047	323	73771.390625	1.37775	1102	True	73771.5625	964	1.20525	513	8.088039	-0.00079	102.914772	10.417206
minion2_PC_20180219_FAH55989_MN19166_sequencing_run_madagascar_tb_mdr_1_10344_read_28696_ch_98_strand.fast5	ffcd7251-5bb5-4799-8cfd-f265a2d523ad	13797ccf3e2df77597eb86d8e23088d7f34ba047	98	54957.945312	5.00875	4007	True	54958.06640599999	3907	4.88375	1876	11.667683	-0.001838	101.298309	11.135628
minion2_PC_20180219_FAH55989_MN19166_sequencing_run_madagascar_tb_mdr_1_10344_read_23143_ch_275_strand.fast5	ffcd6dfb-e7d3-496f-9662-f6e52e5d8329	13797ccf3e2df77597eb86d8e23088d7f34ba047	275	59142.320312	1.672	1337	True	59142.335938	1324	1.65575	722	9.829211	-0.002322	98.963417	10.596809
minion2_PC_20180219_FAH55989_MN19166_sequencing_run_madagascar_tb_mdr_1_10344_read_14298_ch_143_strand.fast5	ffcd192d-8c75-43f5-8c27-d67d312ce1c5	13797ccf3e2df77597eb86d8e23088d7f34ba047	143	7669.778809	1.51675	1213	True	7669.929198999999	1093	1.36675	564	9.224848	-0.0016309999999999999	89.803467	9.519165
minion2_PC_20180219_FAH55989_MN19166_mux_scan_madagascar_tb_mdr_1_96329_read_84_ch_84_strand.fast5	ffccb192-cb69-4beb-a105-81e7802bcd07	4318773ae77000ada4c30d67466f7a0462cd5c7a	84	62.148499	1.648	1318	True	62.188499	1286	1.608	660	11.206076	-0.002424	96.808136	10.057983
minion2_PC_20180219_FAH55989_MN19166_sequencing_run_madagascar_tb_mdr_1_10344_read_671_ch_380_strand.fast5	ffcb12e3-162f-4347-8636-a39d73adebde	13797ccf3e2df77597eb86d8e23088d7f34ba047	380	479.463745	3.8135	3050	True	479.51126100000005	3012	3.766	1544	10.816742999999999	-0.001044	87.468575	10.057991000000001
minion2_PC_20180219_FAH55989_MN19166_sequencing_run_madagascar_tb_mdr_1_10344_read_127976_ch_235_strand.fast5	ffcafd32-7222-490e-9759-e70e3e43ebfd	13797ccf3e2df77597eb86d8e23088d7f34ba047	235	117732.4375	3.4085	2726	True	117732.44531199998	2717	3.39725	1378	9.221103999999999	-0.001224	104.351624	10.596809
minion2_PC_20180219_FAH55989_MN19166_sequencing_run_madagascar_tb_mdr_1_10344_read_102753_ch_424_strand.fast5	ffca3e1b-18e1-4aed-9d7e-9fae2aae25e2	13797ccf3e2df77597eb86d8e23088d7f34ba047	424	121609.359375	1.343	1074	True	121609.515625	950	1.188	451	8.358538000000001	-0.001006	86.480736	9.788582
minion2_PC_20180219_FAH55989_MN19166_sequencing_run_madagascar_tb_mdr_1_10344_read_70098_ch_362_strand.fast5	ffc9acb4-7a56-459a-968e-4d36d2f91c1e	13797ccf3e2df77597eb86d8e23088d7f34ba047	362	48467.617188	5.23775	4190	False	48467.617188	4190	5.23775	544	4.146249	-0.001995	98.424599	13.650131
minion2_PC_20180219_FAH55989_MN19166_sequencing_run_madagascar_tb_mdr_1_10344_read_21924_ch_390_strand.fast5	ffc94410-2a6d-47c4-9145-970a90a94a04	13797ccf3e2df77597eb86d8e23088d7f34ba047	390	11987.219727	1.61825	1294	True	11987.353516	1187	1.4845	612	11.079473	-0.002687	87.827789	9.698775999999999
minion2_PC_20180219_FAH55989_MN19166_sequencing_run_madagascar_tb_mdr_1_10344_read_42261_ch_68_strand.fast5	ffc880d6-2c00-42ec-80b7-d4baa83b2ce1	13797ccf3e2df77597eb86d8e23088d7f34ba047	68	38475.949219	2.09975	1679	False	38476.019531	1622	2.0285	708	6.805094	-0.00236	105.249664	8.980339
minion2_PC_20180219_FAH55989_MN19166_sequencing_run_madagascar_tb_mdr_1_10344_read_45279_ch_236_strand.fast5	ffc874bc-1f8c-45fc-b3e4-db425803ae21	13797ccf3e2df77597eb86d8e23088d7f34ba047	236	25199.160156	2.254	1803	True	25199.345703	1655	2.069	767	10.096313	-0.0018510000000000002	88.00739300000001	9.878387
minion2_PC_20180219_FAH55989_MN19166_sequencing_run_madagascar_tb_mdr_1_10344_read_26337_ch_177_strand.fast5	ffc7b308-bb88-4174-b259-edfa0e7e7c25	13797ccf3e2df77597eb86d8e23088d7f34ba047	177	15582.113281	3.9525	3162	True	15582.15918	3125	3.90625	1503	11.179029	-0.001675	94.114029	10.417206
minion2_PC_20180219_FAH55989_MN19166_sequencing_run_madagascar_tb_mdr_1_10344_read_65438_ch_111_strand.fast5	ffc7299a-b817-4410-bec8-59bc0bf3363f	13797ccf3e2df77597eb86d8e23088d7f34ba047	111	63754.14453099999	1.99325	1594	True	63754.16796900001	1577	1.972	896	8.662306	-0.001258	93.21599599999999	9.519165
minion2_PC_20180219_FAH55989_MN19166_sequencing_run_madagascar_tb_mdr_1_10344_read_63522_ch_397_strand.fast5	ffc70d05-c9af-4d21-bf0f-281b90649b67	13797ccf3e2df77597eb86d8e23088d7f34ba047	397	43760.28125	2.55925	2047	True	43760.28125	2047	2.55925	910	10.412251	-0.0015140000000000002	98.065384	11.494843
minion2_PC_20180219_FAH55989_MN19166_sequencing_run_madagascar_tb_mdr_1_10344_read_34516_ch_187_strand.fast5	ffc6e645-a6e6-4a19-a065-49f8c2738282	13797ccf3e2df77597eb86d8e23088d7f34ba047	187	18591.916016	2.1725	1738	True	18591.933594	1723	2.15375	764	10.029594	-0.001718	89.264641	10.237594999999999
minion2_PC_20180219_FAH55989_MN19166_sequencing_run_madagascar_tb_mdr_1_10344_read_237189_ch_314_strand.fast5	ffc6de66-43c0-4312-8e68-d33c47ddca46	13797ccf3e2df77597eb86d8e23088d7f34ba047	314	155408.09375	1.62375	1299	True	155408.203125	1212	1.515	635	9.260164	-0.002494	83.876434	9.608974
minion2_PC_20180219_FAH55989_MN19166_sequencing_run_madagascar_tb_mdr_1_10344_read_89784_ch_359_strand.fast5	ffc64381-3103-41b9-990a-22712124bce0	13797ccf3e2df77597eb86d8e23088d7f34ba047	359	59753.37890599999	2.43125	1945	True	59753.37890599999	1945	2.43125	761	9.955907	-0.002773	86.031715	9.339561
minion2_PC_20180219_FAH55989_MN19166_sequencing_run_madagascar_tb_mdr_1_10344_read_76550_ch_120_strand.fast5	ffc618c6-c295-4385-b11a-7401ab6741f0	13797ccf3e2df77597eb86d8e23088d7f34ba047	120	43891.941406	1.7645	1411	True	43892.050781	1321	1.652	507	9.175054	-0.001835	94.832458	11.135628
minion2_PC_20180219_FAH55989_MN19166_sequencing_run_madagascar_tb_mdr_1_10344_read_93103_ch_301_strand.fast5	ffc5a9f5-8f98-4f19-afb2-507368e7c86b	13797ccf3e2df77597eb86d8e23088d7f34ba047	301	69821.179688	4.2755	3420	True	69821.335938	3292	4.1155	940	8.621627	-0.001812	93.754814	9.878387
minion2_PC_20180219_FAH55989_MN19166_sequencing_run_madagascar_tb_mdr_1_10344_read_80483_ch_432_strand.fast5	ffc56983-8eb9-4f18-9516-b9e9dcbc75ee	13797ccf3e2df77597eb86d8e23088d7f34ba047	432	83938.992188	4.32175	3457	True	83939.03125	3423	4.27925	1870	9.136646	-0.0014939999999999999	91.599533	11.135628
minion2_PC_20180219_FAH55989_MN19166_sequencing_run_madagascar_tb_mdr_1_10344_read_90565_ch_66_strand.fast5	ffc55849-50f6-4e5d-b249-31b9d1561cd1	13797ccf3e2df77597eb86d8e23088d7f34ba047	66	50621.753906	12.09625	9677	True	50621.816406	9626	12.0325	5281	9.702105	-0.001829	103.45359	10.596809
minion2_PC_20180219_FAH55989_MN19166_sequencing_run_madagascar_tb_mdr_1_10344_read_4313_ch_254_strand.fast5	ffc52ae5-a931-439a-b9a2-7173afdcae0f	13797ccf3e2df77597eb86d8e23088d7f34ba047	254	2722.64624	1.449	1159	True	2722.706299	1111	1.389	591	10.54902	-0.002514	82.619186	10.417206
minion2_PC_20180219_FAH55989_MN19166_sequencing_run_madagascar_tb_mdr_1_10344_read_48155_ch_57_strand.fast5	ffc51a80-2da2-4e23-b9e3-a38bb709ccd9	13797ccf3e2df77597eb86d8e23088d7f34ba047	57	64806.05859400001	1.48675	1189	True	64806.09765599999	1162	1.453	571	8.379671	-0.0019309999999999998	94.473244	9.87838
minion2_PC_20180219_FAH55989_MN19166_sequencing_run_madagascar_tb_mdr_1_10344_read_75899_ch_263_strand.fast5	ffc42021-fcb3-441f-93b2-487c3c4a3c4e	13797ccf3e2df77597eb86d8e23088d7f34ba047	263	65117.601562	1.23675	989	True	65117.625	969	1.21175	510	9.361616999999999	-0.001529	97.526566	10.417206
minion2_PC_20180219_FAH55989_MN19166_sequencing_run_madagascar_tb_mdr_1_10344_read_96430_ch_512_strand.fast5	ffc40308-63d3-4597-a1c8-e862547abc84	13797ccf3e2df77597eb86d8e23088d7f34ba047	512	64037.42578099999	9.148	7318	False	64037.554688	7213	9.01675	1374	2.573552	-0.002525	88.187004	8.082314
minion2_PC_20180219_FAH55989_MN19166_sequencing_run_madagascar_tb_mdr_1_10344_read_248268_ch_314_strand.fast5	ffc3e108-b543-41fa-a057-00035d3e0d92	13797ccf3e2df77597eb86d8e23088d7f34ba047	314	163759.125	1.38475	1107	False	163759.4375	861	1.07725	374	4.772151	-0.002431	52.804435999999995	6.28624
minion2_PC_20180219_FAH55989_MN19166_sequencing_run_madagascar_tb_mdr_1_10344_read_88531_ch_469_strand.fast5	ffc37c58-f64c-44e9-80ab-921bf196f8cf	13797ccf3e2df77597eb86d8e23088d7f34ba047	469	74464.484375	3.1795	2543	False	74464.703125	2367	2.9595	841	6.692844	-0.001464	94.114029	10.057986999999999
minion2_PC_20180219_FAH55989_MN19166_sequencing_run_madagascar_tb_mdr_1_10344_read_64148_ch_289_strand.fast5	ffc20749-c08d-4a7c-914b-1ba2340fcafd	13797ccf3e2df77597eb86d8e23088d7f34ba047	289	52307.691406	1.258	1006	True	52307.898438	840	1.0505	398	7.0325869999999995	-0.001756	87.10936	10.057991000000001
minion2_PC_20180219_FAH55989_MN19166_sequencing_run_madagascar_tb_mdr_1_10344_read_5439_ch_242_strand.fast5	ffc06a95-6dc9-487e-988c-55b87afecb1f	13797ccf3e2df77597eb86d8e23088d7f34ba047	242	3516.8720700000003	3.92475	3139	True	3516.977051	3055	3.81975	1510	9.958917	-0.001857	86.031715	10.596809
minion2_PC_20180219_FAH55989_MN19166_sequencing_run_madagascar_tb_mdr_1_10344_read_43828_ch_203_strand.fast5	ffc02ab2-0ca4-4969-8071-a87ca951e26a	13797ccf3e2df77597eb86d8e23088d7f34ba047	203	38174.949219	1.832	1465	True	38174.980469	1440	1.80075	717	7.356831	-0.0020039999999999997	94.832458	10.057991000000001
minion2_PC_20180219_FAH55989_MN19166_sequencing_run_madagascar_tb_mdr_1_10344_read_23519_ch_454_strand.fast5	ffbfe20e-516d-455c-8ff2-cb4eaf007f62	13797ccf3e2df77597eb86d8e23088d7f34ba047	454	13447.723633000001	2.63575	2108	True	13447.833984	2020	2.52575	1004	10.079151	-0.001538	91.240318	10.417197999999999
minion2_PC_20180219_FAH55989_MN19166_sequencing_run_madagascar_tb_mdr_1_10344_read_14087_ch_429_strand.fast5	ffbee469-d31c-4370-aa4c-704520f1567b	13797ccf3e2df77597eb86d8e23088d7f34ba047	429	10383.667969	1.9205	1536	True	10383.830078	1407	1.75925	639	9.378613	-0.002549	89.803467	9.87838
minion2_PC_20180219_FAH55989_MN19166_sequencing_run_madagascar_tb_mdr_1_10344_read_32943_ch_99_strand.fast5	ffbe57bb-4375-4483-a92c-1a8b66c602ed	13797ccf3e2df77597eb86d8e23088d7f34ba047	99	17833.539062	3.3625	2690	True	17834.255859	2118	2.6475	952	10.799414	-0.002332	93.395607	10.237594999999999
minion2_PC_20180219_FAH55989_MN19166_sequencing_run_madagascar_tb_mdr_1_10344_read_363998_ch_323_strand.fast5	ffbe53ef-e2fb-4162-b95b-1c9c05ffc52e	13797ccf3e2df77597eb86d8e23088d7f34ba047	323	58415.73046900001	1.2645	1011	True	58415.88671900001	887	1.1095	482	8.140877	-0.001315	99.322632	10.956024000000001
minion2_PC_20180219_FAH55989_MN19166_sequencing_run_madagascar_tb_mdr_1_10344_read_194779_ch_179_strand.fast5	ffbe53e0-ba81-4eff-acdb-9225a88fc5f5	13797ccf3e2df77597eb86d8e23088d7f34ba047	179	164703.09375	1.78	1424	True	164703.453125	1126	1.4075	521	7.601767999999999	-0.00339	80.82311999999999	9.15995
minion2_PC_20180219_FAH55989_MN19166_sequencing_run_madagascar_tb_mdr_1_10344_read_155365_ch_366_strand.fast5	ffbe4d82-8f5a-4636-a93a-afc523db9a6b	13797ccf3e2df77597eb86d8e23088d7f34ba047	366	119054.30468800002	1.0805	864	False	119054.390625	796	0.9955	129	2.774468	-0.002613	89.085037	8.621132000000001
minion2_PC_20180219_FAH55989_MN19166_sequencing_run_madagascar_tb_mdr_1_10344_read_72342_ch_380_strand.fast5	ffbe2ee4-d170-409c-a38e-ad9d24387f0d	13797ccf3e2df77597eb86d8e23088d7f34ba047	380	58641.125	3.55125	2841	True	58641.30078099999	2700	3.375	1273	9.362325	-0.001568	91.599533	10.776413
minion2_PC_20180219_FAH55989_MN19166_sequencing_run_madagascar_tb_mdr_1_10344_read_12001_ch_32_strand.fast5	ffbe27da-5f96-4c29-8868-90e267f61c15	13797ccf3e2df77597eb86d8e23088d7f34ba047	32	6955.214844	1.215	972	True	6955.25	944	1.18	463	10.061	-0.00205	92.138351	9.159958
minion2_PC_20180219_FAH55989_MN19166_sequencing_run_madagascar_tb_mdr_1_10344_read_56738_ch_179_strand.fast5	ffbe203a-01a0-4418-bfac-6ee75417eca5	13797ccf3e2df77597eb86d8e23088d7f34ba047	179	43889.890625	7.02275	5618	True	43890.816406	4880	6.10025	2008	12.049928999999999	-0.001739	90.521889	11.315239
minion2_PC_20180219_FAH55989_MN19166_sequencing_run_madagascar_tb_mdr_1_10344_read_127535_ch_491_strand.fast5	ffbe17df-c447-47e9-81a2-f63f463ae664	13797ccf3e2df77597eb86d8e23088d7f34ba047	491	89123.039062	2.8935	2314	True	89123.085938	2279	2.84975	1093	10.725381	-0.001444	106.50691200000001	10.956017
minion2_PC_20180219_FAH55989_MN19166_sequencing_run_madagascar_tb_mdr_1_10344_read_149064_ch_60_strand.fast5	ffbdf2c1-c6f9-4f69-a910-61c3d86dcfb8	13797ccf3e2df77597eb86d8e23088d7f34ba047	60	151216.0625	1.6205	1296	True	151216.140625	1232	1.5405	610	9.365885	-0.0023989999999999997	102.555557	10.776413
minion2_PC_20180219_FAH55989_MN19166_sequencing_run_madagascar_tb_mdr_1_10344_read_59506_ch_225_strand.fast5	ffbdb95c-b9b5-4545-b254-306ec5f5a59d	13797ccf3e2df77597eb86d8e23088d7f34ba047	225	43386.855469	4.90125	3921	True	43386.882812	3899	4.87375	1267	10.151042	-0.001813	99.68184699999999	11.135628
minion2_PC_20180219_FAH55989_MN19166_sequencing_run_madagascar_tb_mdr_1_10344_read_7588_ch_362_strand.fast5	ffbd8233-de67-47d5-aaa2-422ba3fb6b7e	13797ccf3e2df77597eb86d8e23088d7f34ba047	362	4919.626465	3.113	2490	True	4919.698242	2433	3.04175	1227	10.330678	-0.002637	86.75014499999999	10.417206
minion2_PC_20180219_FAH55989_MN19166_sequencing_run_madagascar_tb_mdr_1_10344_read_15278_ch_244_strand.fast5	ffbd6ec1-1ac5-41df-83c4-fa9e963041d9	13797ccf3e2df77597eb86d8e23088d7f34ba047	244	8727.799805	3.4655	2772	True	8727.950195	2652	3.3155	1285	10.84248	-0.00155	88.366608	9.87838
minion2_PC_20180219_FAH55989_MN19166_sequencing_run_madagascar_tb_mdr_1_10344_read_13811_ch_462_strand.fast5	ffbd64f6-d2d4-4008-a7f8-ee0bc67efcb9	13797ccf3e2df77597eb86d8e23088d7f34ba047	462	7176.633301000001	3.7675	3014	True	7176.713379000001	2950	3.6875	1601	8.663501	-0.001475	87.648178	10.237594999999999
minion2_PC_20180219_FAH55989_MN19166_sequencing_run_madagascar_tb_mdr_1_10344_read_195943_ch_36_strand.fast5	ffbd3f78-4567-4e20-b14e-49dfaca54f83	13797ccf3e2df77597eb86d8e23088d7f34ba047	36	96511.007812	2.60675	2085	False	96511.070312	2035	2.54425	1056	6.542356	-0.001492	76.692162	9.15995
minion2_PC_20180219_FAH55989_MN19166_sequencing_run_madagascar_tb_mdr_1_10344_read_138073_ch_500_strand.fast5	ffbd04ec-b596-44a3-9610-37ba962b5302	13797ccf3e2df77597eb86d8e23088d7f34ba047	500	95391.0625	1.43075	1144	True	95391.15625	1067	1.3345	638	7.349130000000001	-0.003713	95.910103	9.878387
minion2_PC_20180219_FAH55989_MN19166_sequencing_run_madagascar_tb_mdr_1_10344_read_16391_ch_80_strand.fast5	ffbcc826-7174-46b2-ac71-e38642e30cab	13797ccf3e2df77597eb86d8e23088d7f34ba047	80	9036.728516	2.66375	2131	True	9037.241211	1721	2.15125	887	11.209867	-0.001031	89.444252	10.417197999999999
minion2_PC_20180219_FAH55989_MN19166_sequencing_run_madagascar_tb_mdr_1_10344_read_96605_ch_310_strand.fast5	ffbc8d80-c5ee-414d-94d6-e5426f0f55dd	13797ccf3e2df77597eb86d8e23088d7f34ba047	310	100583.632812	6.55575	5244	True	100583.9375	5004	6.25575	2266	9.491617	-0.001489	82.978401	10.237594999999999
minion2_PC_20180219_FAH55989_MN19166_sequencing_run_madagascar_tb_mdr_1_10344_read_84171_ch_36_strand.fast5	ffbc6bc9-2b8d-442d-9eff-80610fbc7d96	13797ccf3e2df77597eb86d8e23088d7f34ba047	36	42807.066406	1.5185	1214	True	42807.296875	1031	1.28975	515	10.891206	-0.002959	90.16268199999999	9.878387
minion2_PC_20180219_FAH55989_MN19166_sequencing_run_madagascar_tb_mdr_1_10344_read_7802_ch_192_strand.fast5	ffbc5f9f-8798-4ae4-9b7f-176bbdfee24f	13797ccf3e2df77597eb86d8e23088d7f34ba047	192	4950.97998	1.63075	1304	True	4951.069824	1232	1.54075	570	9.840046000000001	-0.002218	86.211327	9.15995
minion2_PC_20180219_FAH55989_MN19166_sequencing_run_madagascar_tb_mdr_1_10344_read_124950_ch_305_strand.fast5	ffbbfa67-2ce8-497c-9ee2-c5813d7b4c8b	13797ccf3e2df77597eb86d8e23088d7f34ba047	305	88221.765625	2.77975	2223	True	88221.851562	2164	2.706	1028	10.341619	-0.001254	100.939095	11.135628
minion2_PC_20180219_FAH55989_MN19166_sequencing_run_madagascar_tb_mdr_1_10344_read_81373_ch_240_strand.fast5	ffbbd065-fc3f-4961-a09d-81473d4a5b21	13797ccf3e2df77597eb86d8e23088d7f34ba047	240	51395.261719	1.2435	994	False	51395.261719	994	1.2435	479	5.853371	-0.0012900000000000001	93.754814	9.698775999999999
minion2_PC_20180219_FAH55989_MN19166_sequencing_run_madagascar_tb_mdr_1_10344_read_93005_ch_59_strand.fast5	ffbb9d41-a89c-433b-a45d-2791c0eb82cd	13797ccf3e2df77597eb86d8e23088d7f34ba047	59	119170.33593800002	2.2675	1814	True	119170.36718800002	1793	2.24125	925	9.036039	-0.001627	100.939095	10.956024000000001
minion2_PC_20180219_FAH55989_MN19166_sequencing_run_madagascar_tb_mdr_1_10344_read_3453_ch_40_strand.fast5	ffbb9232-b4df-448f-998a-cc04214e71cb	13797ccf3e2df77597eb86d8e23088d7f34ba047	40	2433.6801760000003	1.73025	1384	True	2433.688965	1377	1.7215	668	11.098227	-0.001819	87.648178	9.519173
minion2_PC_20180219_FAH55989_MN19166_sequencing_run_madagascar_tb_mdr_1_10344_read_48455_ch_194_strand.fast5	ffbb6093-8513-4773-ab6d-84dc061d1fb9	13797ccf3e2df77597eb86d8e23088d7f34ba047	194	28753.783202999995	2.911	2328	True	28753.882812	2249	2.81225	1089	8.202803999999999	-0.0018809999999999999	99.86145	10.956024000000001
minion2_PC_20180219_FAH55989_MN19166_sequencing_run_madagascar_tb_mdr_1_10344_read_158858_ch_208_strand.fast5	ffbac25b-ec8c-440a-bffe-c9e4c1bccd44	13797ccf3e2df77597eb86d8e23088d7f34ba047	208	102554.296875	1.6375	1310	True	102554.359375	1257	1.57125	595	10.276902	-0.002876	107.76416	11.494843
minion2_PC_20180219_FAH55989_MN19166_sequencing_run_madagascar_tb_mdr_1_10344_read_63631_ch_505_strand.fast5	ffbaa12a-8330-4ffb-b08c-473f0835d518	13797ccf3e2df77597eb86d8e23088d7f34ba047	505	99327.554688	11.96725	9573	False	99327.554688	9573	11.96725	1261	2.1447950000000002	-0.002775	89.444252	9.87838
minion2_PC_20180219_FAH55989_MN19166_sequencing_run_madagascar_tb_mdr_1_10344_read_15979_ch_51_strand.fast5	ffba28d3-d464-4adc-b5a9-db277abe3d68	13797ccf3e2df77597eb86d8e23088d7f34ba047	51	8920.954102	2.0635	1650	True	8921.430664	1268	1.586	625	12.127769	-0.002257	91.240318	9.698775999999999
minion2_PC_20180219_FAH55989_MN19166_sequencing_run_madagascar_tb_mdr_1_10344_read_9130_ch_161_strand.fast5	ffba230d-6629-4a65-b392-354fe7152551	13797ccf3e2df77597eb86d8e23088d7f34ba047	161	5794.39209	1.6425	1314	True	5794.480469	1243	1.55375	605	11.575053	-0.0021149999999999997	83.696831	10.596809
minion2_PC_20180219_FAH55989_MN19166_sequencing_run_madagascar_tb_mdr_1_10344_read_159976_ch_380_strand.fast5	ffba1f77-fe5b-4dcc-8520-01af7d7b13fa	13797ccf3e2df77597eb86d8e23088d7f34ba047	380	117616.46093800002	1.2105	968	True	117616.47656199998	956	1.1955	393	9.379253	-0.0014869999999999998	110.09904499999999	11.315239
minion2_PC_20180219_FAH55989_MN19166_sequencing_run_madagascar_tb_mdr_1_10344_read_58126_ch_250_strand.fast5	ffb9eb0c-7617-4b09-93b5-203ab79f8542	13797ccf3e2df77597eb86d8e23088d7f34ba047	250	46069.097656	3.41675	2733	True	46069.097656	2733	3.41675	1265	10.243859	-0.001524	92.317963	10.237594999999999
minion2_PC_20180219_FAH55989_MN19166_sequencing_run_madagascar_tb_mdr_1_10344_read_2896_ch_71_strand.fast5	ffb9abad-9411-4d8d-8070-bdc5c31f3506	13797ccf3e2df77597eb86d8e23088d7f34ba047	71	1977.4947510000002	2.29525	1836	True	1977.789795	1600	2.00025	796	11.211704	-0.001047	88.725822	9.519165
minion2_PC_20180219_FAH55989_MN19166_sequencing_run_madagascar_tb_mdr_1_10344_read_90822_ch_159_strand.fast5	ffb95a7c-c553-47ba-95a9-5841dd474de5	13797ccf3e2df77597eb86d8e23088d7f34ba047	159	45226.769531	1.4085	1126	True	45226.902344	1019	1.27475	447	10.574036999999999	-0.003348	94.114029	9.519173
minion2_PC_20180219_FAH55989_MN19166_sequencing_run_madagascar_tb_mdr_1_10344_read_26622_ch_38_strand.fast5	ffb8e55a-af83-4950-90f0-7417747328e6	13797ccf3e2df77597eb86d8e23088d7f34ba047	38	29054.548827999995	8.99575	7196	True	29054.607422000005	7148	8.93575	3580	10.3871	-0.001355	87.648178	10.057983
minion2_PC_20180219_FAH55989_MN19166_sequencing_run_madagascar_tb_mdr_1_10344_read_32803_ch_294_strand.fast5	ffb8a59b-b985-4068-9eb0-9c36c5193c10	13797ccf3e2df77597eb86d8e23088d7f34ba047	294	19002.650391	3.34875	2679	True	19002.732422	2614	3.2675	1307	11.452544	-0.000852	87.28897099999999	10.776413
minion2_PC_20180219_FAH55989_MN19166_sequencing_run_madagascar_tb_mdr_1_10344_read_28872_ch_244_strand.fast5	ffb84ab4-0133-4562-8ba8-3ece729f8a67	13797ccf3e2df77597eb86d8e23088d7f34ba047	244	16836.720703	2.263	1810	True	16836.828125	1723	2.15425	786	10.386356	-0.002015	90.7015	9.698775999999999
minion2_PC_20180219_FAH55989_MN19166_sequencing_run_madagascar_tb_mdr_1_10344_read_18244_ch_487_strand.fast5	ffb7f719-237f-4be9-ab9d-e20e806da898	13797ccf3e2df77597eb86d8e23088d7f34ba047	487	12102.75	2.499	1999	True	12102.765625	1987	2.484	983	8.104393	-0.00215	85.672508	9.159958
minion2_PC_20180219_FAH55989_MN19166_sequencing_run_madagascar_tb_mdr_1_10344_read_92979_ch_66_strand.fast5	ffb7dfee-9360-4ad3-ae4d-cccea0f26dc2	13797ccf3e2df77597eb86d8e23088d7f34ba047	66	51485.296875	3.1285	2502	True	51485.34375	2464	3.081	1222	11.490751	-0.0015539999999999998	102.735161	10.596809
minion2_PC_20180219_FAH55989_MN19166_sequencing_run_madagascar_tb_mdr_1_10344_read_381216_ch_15_strand.fast5	ffb66c33-eb13-43c1-93ee-d49f5c157041	13797ccf3e2df77597eb86d8e23088d7f34ba047	15	39854.96875	2.2995	1839	True	39855.113281	1723	2.1545	905	9.347833999999999	-0.001977	95.640686	9.429367
minion2_PC_20180219_FAH55989_MN19166_sequencing_run_madagascar_tb_mdr_1_10344_read_68587_ch_357_strand.fast5	ffb65d0a-0d90-4483-aa15-6aa55422cb6d	13797ccf3e2df77597eb86d8e23088d7f34ba047	357	71906.25	4.339	3471	True	71906.351562	3385	4.2315	1647	7.942874000000001	-0.001727	84.95407900000001	9.698775999999999
minion2_PC_20180219_FAH55989_MN19166_sequencing_run_madagascar_tb_mdr_1_10344_read_91261_ch_300_strand.fast5	ffb61af9-71c4-4ad5-8075-f5b828078e0b	13797ccf3e2df77597eb86d8e23088d7f34ba047	300	51500.625	3.75725	3005	True	51500.667969	2970	3.7135	1228	9.741776	-0.002218	93.754814	10.417197999999999
minion2_PC_20180219_FAH55989_MN19166_sequencing_run_madagascar_tb_mdr_1_10344_read_103866_ch_121_strand.fast5	ffb61210-ce39-43dd-ac58-5c204e1048de	13797ccf3e2df77597eb86d8e23088d7f34ba047	121	92048.484375	1.489	1191	True	92048.6875	1030	1.28775	499	8.956863	-0.002381	87.827789	9.339561
minion2_PC_20180219_FAH55989_MN19166_sequencing_run_madagascar_tb_mdr_1_10344_read_9821_ch_123_strand.fast5	ffb5ac9a-4b30-42a5-8d0e-fcbacde4eb3c	13797ccf3e2df77597eb86d8e23088d7f34ba047	123	5636.544922	4.3315	3465	True	5636.774902	3281	4.1015	1713	8.364578	-0.001317	82.439583	9.87838
minion2_PC_20180219_FAH55989_MN19166_sequencing_run_madagascar_tb_mdr_1_10344_read_30963_ch_47_strand.fast5	ffb5816f-0178-4823-a5ff-e02714796be6	13797ccf3e2df77597eb86d8e23088d7f34ba047	47	19868.072266	5.709	4567	True	19868.138672	4514	5.64275	2147	10.722042	-0.001784	88.00739300000001	9.878387
minion2_PC_20180219_FAH55989_MN19166_sequencing_run_madagascar_tb_mdr_1_10344_read_1961_ch_72_strand.fast5	ffb56d2e-d6b2-40a6-862c-39db7c72bde8	13797ccf3e2df77597eb86d8e23088d7f34ba047	72	1362.149536	2.8005	2240	True	1362.246948	2162	2.703	1106	7.50594	-0.002143	89.085037	10.237594999999999
minion2_PC_20180219_FAH55989_MN19166_sequencing_run_madagascar_tb_mdr_1_10344_read_31044_ch_41_strand.fast5	ffb51b7d-ae38-4da5-8d6c-18fed62ca39d	13797ccf3e2df77597eb86d8e23088d7f34ba047	41	18363.873047	16.341	13072	True	18364.068359	12916	16.146	6446	7.091092	-0.001513	95.012062	10.417206
minion2_PC_20180219_FAH55989_MN19166_sequencing_run_madagascar_tb_mdr_1_10344_read_177086_ch_60_strand.fast5	ffb5017d-a1d0-4926-8ee7-356a9c65de25	13797ccf3e2df77597eb86d8e23088d7f34ba047	60	169085.765625	1.89825	1518	True	169085.859375	1442	1.80325	535	9.25279	-0.0019210000000000002	94.29364	10.237594999999999
minion2_PC_20180219_FAH55989_MN19166_sequencing_run_madagascar_tb_mdr_1_10344_read_97530_ch_170_strand.fast5	ffb1c903-2a80-46d8-9a26-a53a5d3dc4d5	13797ccf3e2df77597eb86d8e23088d7f34ba047	170	64761.12109400001	3.14325	2514	True	64761.164062	2478	3.09825	1256	8.496559	-0.002571	96.628525	11.135628
minion2_PC_20180219_FAH55989_MN19166_sequencing_run_madagascar_tb_mdr_1_10344_read_28747_ch_18_strand.fast5	ffb160af-b40f-4998-9d27-e78424a7cab9	13797ccf3e2df77597eb86d8e23088d7f34ba047	18	30198.855469	2.00575	1604	True	30198.916016000003	1557	1.947	708	9.896432	-0.0016079999999999998	101.837128	9.698775999999999
minion2_PC_20180219_FAH55989_MN19166_sequencing_run_madagascar_tb_mdr_1_10344_read_56052_ch_147_strand.fast5	ffb0f4b8-64a5-4ad7-880d-e5496b3bb918	13797ccf3e2df77597eb86d8e23088d7f34ba047	147	33995.554688	1.304	1043	True	33995.585938	1020	1.27525	511	8.542910000000001	-0.003101	94.652855	11.315239
minion2_PC_20180219_FAH55989_MN19166_sequencing_run_madagascar_tb_mdr_1_10344_read_33942_ch_452_strand.fast5	ffb0216b-cbb7-433b-9fc0-5d6bb5de2a6a	13797ccf3e2df77597eb86d8e23088d7f34ba047	452	20763.232422	5.319	4255	True	20763.308594	4194	5.24275	1895	10.443716	-0.001634	92.138351	11.315239
minion2_PC_20180219_FAH55989_MN19166_sequencing_run_madagascar_tb_mdr_1_10344_read_7474_ch_483_strand.fast5	ffaff41b-d585-4cde-b27c-08cdc61b77c4	13797ccf3e2df77597eb86d8e23088d7f34ba047	483	8904.082031	1.63125	1305	True	8904.152344	1249	1.56125	632	11.925642999999999	-0.0024739999999999996	89.444252	10.417206
minion2_PC_20180219_FAH55989_MN19166_sequencing_run_madagascar_tb_mdr_1_10344_read_68564_ch_367_strand.fast5	ffafdd4e-3fff-4ab6-af93-7983e4dda783	13797ccf3e2df77597eb86d8e23088d7f34ba047	367	59844.757812	7.8935	6314	True	59844.76953099999	6304	7.881	3566	8.175	-0.001234	92.138351	10.057983
minion2_PC_20180219_FAH55989_MN19166_sequencing_run_madagascar_tb_mdr_1_10344_read_26486_ch_444_strand.fast5	ffafdb73-ab43-4e68-895b-4a360dbb88df	13797ccf3e2df77597eb86d8e23088d7f34ba047	444	32225.832031	4.19	3352	True	32226.037108999997	3187	3.98375	1544	9.995786	-0.0012519999999999999	87.827789	10.596809
minion2_PC_20180219_FAH55989_MN19166_sequencing_run_madagascar_tb_mdr_1_10344_read_80820_ch_289_strand.fast5	ffaef309-3b30-47a5-bb8f-4e14da576b56	13797ccf3e2df77597eb86d8e23088d7f34ba047	289	62390.44921900001	3.5655	2852	True	62390.609375	2726	3.408	1340	11.609368	-0.001191	93.21599599999999	10.417197999999999
minion2_PC_20180219_FAH55989_MN19166_sequencing_run_madagascar_tb_mdr_1_10344_read_28773_ch_511_strand.fast5	ffae012d-0f21-4401-a6bd-ccb9db1c4977	13797ccf3e2df77597eb86d8e23088d7f34ba047	511	27926.6875	4.7315	3785	True	27926.714844	3765	4.7065	1848	10.258965	-0.001018	98.424599	8.621132000000001
minion2_PC_20180219_FAH55989_MN19166_sequencing_run_madagascar_tb_mdr_1_10344_read_25757_ch_36_strand.fast5	ffad5b98-8f2e-4b52-bfd2-2f53dba53da4	13797ccf3e2df77597eb86d8e23088d7f34ba047	36	14777.700195	1.30275	1042	True	14777.807616999999	956	1.19525	528	10.287479	-0.00197	89.085037	10.417206
minion2_PC_20180219_FAH55989_MN19166_sequencing_run_madagascar_tb_mdr_1_10344_read_20826_ch_22_strand.fast5	ffacde50-09cd-4850-85a6-d851e41c7f22	13797ccf3e2df77597eb86d8e23088d7f34ba047	22	18198.554688	2.242	1793	False	18198.699219	1676	2.09575	807	4.776015	-0.001198	128.778168	11.135628
minion2_PC_20180219_FAH55989_MN19166_sequencing_run_madagascar_tb_mdr_1_10344_read_57669_ch_159_strand.fast5	ffacb325-7173-44fa-9e38-3b7c6c2cfaf0	13797ccf3e2df77597eb86d8e23088d7f34ba047	159	27871.523438	6.5905	5272	False	27871.662108999997	5161	6.45175	2459	4.506136	-0.001906	108.48258200000001	11.854057000000001
minion2_PC_20180219_FAH55989_MN19166_sequencing_run_madagascar_tb_mdr_1_10344_read_35239_ch_456_strand.fast5	ffaca52a-26cc-40ae-8bdd-adfe1408d989	13797ccf3e2df77597eb86d8e23088d7f34ba047	456	40643.441406	2.0195	1615	True	40643.835938	1299	1.6245	622	7.145742	-0.002623	92.317963	8.980347
